-7.903644084930419922e+00 -4.112956523895263672e+00 6.929084062576293945e-01
-7.890818595886230469e+00 -4.117779254913330078e+00 6.964763402938842773e-01
-7.886600494384765625e+00 -4.116779327392578125e+00 6.971837878227233887e-01
-7.934946060180664062e+00 -4.104236602783203125e+00 6.930094957351684570e-01
-7.908046722412109375e+00 -4.102578163146972656e+00 6.987509131431579590e-01
-7.897489070892333984e+00 -4.106249332427978516e+00 6.972360610961914062e-01
-7.881472587585449219e+00 -4.100685596466064453e+00 6.964906454086303711e-01
-7.933795928955078125e+00 -4.093649864196777344e+00 6.946483850479125977e-01
-7.925834655761718750e+00 -4.098245143890380859e+00 6.962781548500061035e-01
-7.908501625061035156e+00 -4.097075939178466797e+00 6.970053911209106445e-01
-7.885102272033691406e+00 -4.091856956481933594e+00 6.959024667739868164e-01
-7.954625129699707031e+00 -4.083661079406738281e+00 6.946190595626831055e-01
-7.946244239807128906e+00 -4.087250709533691406e+00 6.966208815574645996e-01
-7.939517974853515625e+00 -4.088375091552734375e+00 6.978144049644470215e-01
-7.894242763519287109e+00 -4.082788467407226562e+00 6.935858726501464844e-01
-7.887434005737304688e+00 -4.083083152770996094e+00 6.978325843811035156e-01
-7.937932014465332031e+00 -4.077774047851562500e+00 6.936054825782775879e-01
-7.918701171875000000e+00 -4.076131820678710938e+00 6.961756348609924316e-01
-7.905885696411132812e+00 -4.077893733978271484e+00 6.944738030433654785e-01
-7.894707202911376953e+00 -4.074748516082763672e+00 6.961818337440490723e-01
-7.886532783508300781e+00 -4.075290679931640625e+00 6.977528333663940430e-01
-7.951645374298095703e+00 -4.061072349548339844e+00 6.994138360023498535e-01
-7.948210716247558594e+00 -4.066610336303710938e+00 6.953880786895751953e-01
-7.903422355651855469e+00 -4.065640449523925781e+00 6.969992518424987793e-01
-7.899941444396972656e+00 -4.062155723571777344e+00 6.971412301063537598e-01
-7.884584903717041016e+00 -4.063558101654052734e+00 6.914775967597961426e-01
-7.932304382324218750e+00 -4.051078796386718750e+00 6.966649889945983887e-01
-7.928289413452148438e+00 -4.057529449462890625e+00 6.998744010925292969e-01
-7.916010856628417969e+00 -4.053640365600585938e+00 6.942534446716308594e-01
-7.901363372802734375e+00 -4.052043914794921875e+00 6.996783018112182617e-01
-7.882283210754394531e+00 -4.055195808410644531e+00 6.936813592910766602e-01
-7.956206321716308594e+00 -4.042771339416503906e+00 6.961574554443359375e-01
-7.945575714111328125e+00 -4.045438289642333984e+00 6.959745287895202637e-01
-7.928462505340576172e+00 -4.040179252624511719e+00 6.925956606864929199e-01
-7.918632507324218750e+00 -4.044121742248535156e+00 6.945937871932983398e-01
-7.891545295715332031e+00 -4.044072628021240234e+00 6.979395747184753418e-01
-7.885936737060546875e+00 -4.041687011718750000e+00 6.968506574630737305e-01
-7.918951511383056641e+00 -4.034457206726074219e+00 6.943238973617553711e-01
-7.908304691314697266e+00 -4.032987594604492188e+00 6.949724555015563965e-01
-7.894202232360839844e+00 -4.032267093658447266e+00 6.985680460929870605e-01
-7.935428619384765625e+00 -4.026861190795898438e+00 6.944062709808349609e-01
-7.923963069915771484e+00 -4.024375438690185547e+00 6.947221755981445312e-01
-7.901371479034423828e+00 -4.027600288391113281e+00 6.989560127258300781e-01
-7.886401176452636719e+00 -4.024627685546875000e+00 6.939153075218200684e-01
-7.944623470306396484e+00 -4.015795707702636719e+00 6.962354183197021484e-01
-7.928044319152832031e+00 -4.017764091491699219e+00 6.978083848953247070e-01
-7.919688224792480469e+00 -4.011271476745605469e+00 6.964928507804870605e-01
-7.903021335601806641e+00 -4.010629177093505859e+00 6.936010122299194336e-01
-7.895364761352539062e+00 -4.018709659576416016e+00 6.919226646423339844e-01
-7.885499954223632812e+00 -4.013630390167236328e+00 6.963052749633789062e-01
-7.952649116516113281e+00 -4.009486675262451172e+00 6.943013668060302734e-01
-7.930682182312011719e+00 -4.003602027893066406e+00 6.960655450820922852e-01
-7.929543495178222656e+00 -4.002133369445800781e+00 6.960304975509643555e-01
-7.895768165588378906e+00 -4.006639957427978516e+00 6.962440609931945801e-01
-7.884465694427490234e+00 -4.008102416992187500e+00 6.948425173759460449e-01
-7.941707134246826172e+00 -3.997059345245361328e+00 6.960743665695190430e-01
-7.882035255432128906e+00 -3.997473001480102539e+00 6.922577619552612305e-01
-7.939427852630615234e+00 -3.982849121093750000e+00 6.941695213317871094e-01
-7.898954391479492188e+00 -3.985367536544799805e+00 6.926407217979431152e-01
-7.886003017425537109e+00 -3.984985351562500000e+00 6.951090097427368164e-01
-7.949667453765869141e+00 -3.975874900817871094e+00 6.941094994544982910e-01
-7.957342624664306641e+00 -3.956158638000488281e+00 6.974905133247375488e-01
-7.895759105682373047e+00 -3.953188896179199219e+00 6.964352130889892578e-01
-7.885640144348144531e+00 -3.957078456878662109e+00 6.968082189559936523e-01
-7.954796791076660156e+00 -4.120445251464843750e+00 7.002227306365966797e-01
-7.938749313354492188e+00 -4.121079444885253906e+00 7.031654715538024902e-01
-7.954667091369628906e+00 -4.115006923675537109e+00 7.067874073982238770e-01
-7.946868419647216797e+00 -4.110829353332519531e+00 7.072443962097167969e-01
-7.937617301940917969e+00 -4.114053726196289062e+00 7.075537443161010742e-01
-7.923626899719238281e+00 -4.113907814025878906e+00 7.049932479858398438e-01
-7.917036533355712891e+00 -4.113863468170166016e+00 7.041174769401550293e-01
-7.900536537170410156e+00 -4.119113922119140625e+00 7.075915336608886719e-01
-7.885647296905517578e+00 -4.110983371734619141e+00 7.062473893165588379e-01
-7.955255985260009766e+00 -4.105221748352050781e+00 7.079923748970031738e-01
-7.934432983398437500e+00 -4.105391502380371094e+00 7.044063806533813477e-01
-7.925753116607666016e+00 -4.106328487396240234e+00 7.016187310218811035e-01
-7.917957782745361328e+00 -4.104900836944580078e+00 7.021717429161071777e-01
-7.906170845031738281e+00 -4.101075172424316406e+00 7.045625448226928711e-01
-7.896415710449218750e+00 -4.107355117797851562e+00 7.062819600105285645e-01
-7.882870674133300781e+00 -4.102783679962158203e+00 7.092009782791137695e-01
-7.956451416015625000e+00 -4.093739986419677734e+00 7.072778940200805664e-01
-7.947168350219726562e+00 -4.094913482666015625e+00 7.038842439651489258e-01
-7.933652877807617188e+00 -4.097987174987792969e+00 7.033064961433410645e-01
-7.923049926757812500e+00 -4.095649719238281250e+00 7.013261318206787109e-01
-7.912499427795410156e+00 -4.095745086669921875e+00 7.037054896354675293e-01
-7.905680179595947266e+00 -4.098289489746093750e+00 7.011178731918334961e-01
-7.896131038665771484e+00 -4.097299098968505859e+00 7.059558033943176270e-01
-7.885566711425781250e+00 -4.099029541015625000e+00 7.028724551200866699e-01
-7.943030357360839844e+00 -4.080490589141845703e+00 7.033237218856811523e-01
-7.933278560638427734e+00 -4.084276676177978516e+00 7.045956254005432129e-01
-7.924200057983398438e+00 -4.086908817291259766e+00 7.070719003677368164e-01
-7.913368701934814453e+00 -4.082247257232666016e+00 7.066245675086975098e-01
-7.893505096435546875e+00 -4.084212303161621094e+00 7.095950841903686523e-01
-7.886955738067626953e+00 -4.084820747375488281e+00 7.025389671325683594e-01
-7.943502902984619141e+00 -4.074166774749755859e+00 7.053616642951965332e-01
-7.932916641235351562e+00 -4.074944972991943359e+00 7.081366777420043945e-01
-7.924673080444335938e+00 -4.073404788970947266e+00 7.076560854911804199e-01
-7.911217689514160156e+00 -4.077608108520507812e+00 7.007157802581787109e-01
-7.909340381622314453e+00 -4.079391002655029297e+00 7.092795372009277344e-01
-7.889101028442382812e+00 -4.076778411865234375e+00 7.034155726432800293e-01
-7.955900669097900391e+00 -4.067910671234130859e+00 7.031314969062805176e-01
-7.944870471954345703e+00 -4.063259601593017578e+00 7.070655226707458496e-01
-7.935981750488281250e+00 -4.061370849609375000e+00 7.046580314636230469e-01
-7.924673080444335938e+00 -4.069066047668457031e+00 7.096768617630004883e-01
-7.915899753570556641e+00 -4.062301158905029297e+00 7.029061317443847656e-01
-7.901144027709960938e+00 -4.063062667846679688e+00 7.039330005645751953e-01
-7.894393920898437500e+00 -4.063363075256347656e+00 7.077477574348449707e-01
-7.884493350982666016e+00 -4.063561916351318359e+00 7.060638070106506348e-01
-7.953444957733154297e+00 -4.056012153625488281e+00 7.026273608207702637e-01
-7.932669639587402344e+00 -4.051235198974609375e+00 7.099063992500305176e-01
-7.928305625915527344e+00 -4.055822849273681641e+00 7.043833732604980469e-01
-7.913182258605957031e+00 -4.050104618072509766e+00 7.016910910606384277e-01
-7.906835556030273438e+00 -4.055710792541503906e+00 7.035223841667175293e-01
-7.894176483154296875e+00 -4.050693511962890625e+00 7.052918672561645508e-01
-7.885994434356689453e+00 -4.058235168457031250e+00 7.002484202384948730e-01
-7.926229953765869141e+00 -4.047335624694824219e+00 7.039266824722290039e-01
-7.915647506713867188e+00 -4.047845840454101562e+00 7.064056396484375000e-01
-7.904988765716552734e+00 -4.043647289276123047e+00 7.055518627166748047e-01
-7.894439697265625000e+00 -4.046530246734619141e+00 7.086464166641235352e-01
-7.881480216979980469e+00 -4.041783809661865234e+00 7.029039859771728516e-01
-7.932400703430175781e+00 -4.033963203430175781e+00 7.026209831237792969e-01
-7.903028964996337891e+00 -4.037137031555175781e+00 7.018551230430603027e-01
-7.890855789184570312e+00 -4.032339096069335938e+00 7.031543254852294922e-01
-7.889090538024902344e+00 -4.032897949218750000e+00 7.087202668190002441e-01
-7.945751190185546875e+00 -4.026021480560302734e+00 7.027409076690673828e-01
-7.934842109680175781e+00 -4.027039527893066406e+00 7.078647613525390625e-01
-7.903736114501953125e+00 -4.023077011108398438e+00 7.048190832138061523e-01
-7.894292831420898438e+00 -4.027791023254394531e+00 7.045017480850219727e-01
-7.881794929504394531e+00 -4.026216506958007812e+00 7.035521268844604492e-01
-7.953830718994140625e+00 -4.015415668487548828e+00 7.020994424819946289e-01
-7.906458377838134766e+00 -4.013082981109619141e+00 7.062997221946716309e-01
-7.894256591796875000e+00 -4.016337871551513672e+00 7.043340206146240234e-01
-7.931128978729248047e+00 -4.000083923339843750e+00 7.096768617630004883e-01
-7.919652462005615234e+00 -4.003847122192382812e+00 7.057464122772216797e-01
-7.902119636535644531e+00 -4.007480144500732422e+00 7.020196318626403809e-01
-7.883341789245605469e+00 -4.005095005035400391e+00 7.079544663429260254e-01
-7.893490791320800781e+00 -3.996702671051025391e+00 7.068296074867248535e-01
-7.900243759155273438e+00 -3.982182979583740234e+00 7.005442380905151367e-01
-7.891428947448730469e+00 -3.984465122222900391e+00 7.028356790542602539e-01
-7.884461402893066406e+00 -3.985976219177246094e+00 7.011017799377441406e-01
-7.937495231628417969e+00 -3.971279144287109375e+00 7.047629356384277344e-01
-7.901588916778564453e+00 -3.976882934570312500e+00 7.023995518684387207e-01
-7.947739124298095703e+00 -3.963509321212768555e+00 7.043207287788391113e-01
-7.935173511505126953e+00 -3.949467658996582031e+00 7.078946828842163086e-01
-7.893614768981933594e+00 -4.121737480163574219e+00 7.199057936668395996e-01
-7.955715179443359375e+00 -4.111493587493896484e+00 7.138237357139587402e-01
-7.937972068786621094e+00 -4.114787101745605469e+00 7.146128416061401367e-01
-7.904267787933349609e+00 -4.113200187683105469e+00 7.191123962402343750e-01
-7.891242504119873047e+00 -4.117518901824951172e+00 7.132728099822998047e-01
-7.951106071472167969e+00 -4.105374336242675781e+00 7.168490886688232422e-01
-7.942406654357910156e+00 -4.101070880889892578e+00 7.107377052307128906e-01
-7.930174827575683594e+00 -4.103782653808593750e+00 7.131768465042114258e-01
-7.900360584259033203e+00 -4.101321697235107422e+00 7.153831720352172852e-01
-7.883934020996093750e+00 -4.108480453491210938e+00 7.154152393341064453e-01
-7.952697753906250000e+00 -4.092031478881835938e+00 7.105994820594787598e-01
-7.949702262878417969e+00 -4.092107772827148438e+00 7.181789875030517578e-01
-7.935339927673339844e+00 -4.094510078430175781e+00 7.189961671829223633e-01
-7.914830207824707031e+00 -4.093440532684326172e+00 7.148160338401794434e-01
-7.903907299041748047e+00 -4.094057559967041016e+00 7.105512619018554688e-01
-7.892650604248046875e+00 -4.095337867736816406e+00 7.138211727142333984e-01
-7.952883243560791016e+00 -4.080386638641357422e+00 7.170333266258239746e-01
-7.943978786468505859e+00 -4.083412647247314453e+00 7.134148478507995605e-01
-7.938705921173095703e+00 -4.089107036590576172e+00 7.178695201873779297e-01
-7.928747653961181641e+00 -4.084736824035644531e+00 7.145172953605651855e-01
-7.917249679565429688e+00 -4.085077285766601562e+00 7.104288339614868164e-01
-7.904974460601806641e+00 -4.087087631225585938e+00 7.133560776710510254e-01
-7.944036960601806641e+00 -4.070303916931152344e+00 7.156389951705932617e-01
-7.915452480316162109e+00 -4.076377868652343750e+00 7.149366140365600586e-01
-7.896536827087402344e+00 -4.075275421142578125e+00 7.170218229293823242e-01
-7.943433284759521484e+00 -4.060406684875488281e+00 7.188547253608703613e-01
-7.934276103973388672e+00 -4.063755989074707031e+00 7.182490825653076172e-01
-7.925275325775146484e+00 -4.066892623901367188e+00 7.162846326828002930e-01
-7.918034553527832031e+00 -4.065110206604003906e+00 7.128336429595947266e-01
-7.902184963226318359e+00 -4.060095310211181641e+00 7.199305295944213867e-01
-7.948646545410156250e+00 -4.055928707122802734e+00 7.176857590675354004e-01
-7.885183334350585938e+00 -4.054828643798828125e+00 7.125816345214843750e-01
-7.926933288574218750e+00 -4.048768997192382812e+00 7.150005102157592773e-01
-7.900212287902832031e+00 -4.049586296081542969e+00 7.132364511489868164e-01
-7.909955978393554688e+00 -4.038579463958740234e+00 7.127308249473571777e-01
-7.948873043060302734e+00 -4.023859024047851562e+00 7.101081609725952148e-01
-7.933423995971679688e+00 -4.028244018554687500e+00 7.106603384017944336e-01
-7.919698715209960938e+00 -4.027572631835937500e+00 7.122251391410827637e-01
-7.881942749023437500e+00 -4.026992797851562500e+00 7.178611755371093750e-01
-7.910186767578125000e+00 -4.019805431365966797e+00 7.107092142105102539e-01
-7.915192604064941406e+00 -4.003914833068847656e+00 7.102398872375488281e-01
-7.900234222412109375e+00 -4.006559848785400391e+00 7.169172167778015137e-01
-7.898086071014404297e+00 -4.005996227264404297e+00 7.113454341888427734e-01
-7.887336730957031250e+00 -4.003509521484375000e+00 7.103774547576904297e-01
-7.953115463256835938e+00 -3.994963169097900391e+00 7.171385288238525391e-01
-7.894765853881835938e+00 -3.989016056060791016e+00 7.137559056282043457e-01
-7.948542594909667969e+00 -3.963837862014770508e+00 7.171608805656433105e-01
-7.931456089019775391e+00 -4.113369941711425781e+00 7.238008975982666016e-01
-7.911924362182617188e+00 -4.115707874298095703e+00 7.273553609848022461e-01
-7.905087471008300781e+00 -4.115473747253417969e+00 7.222564220428466797e-01
-7.953622341156005859e+00 -4.101196289062500000e+00 7.273226976394653320e-01
-7.935316085815429688e+00 -4.103629112243652344e+00 7.256263494491577148e-01
-7.921174049377441406e+00 -4.103533267974853516e+00 7.264077663421630859e-01
-7.912467956542968750e+00 -4.102890968322753906e+00 7.232860922813415527e-01
-7.943076133728027344e+00 -4.096188545227050781e+00 7.262074947357177734e-01
-7.921936988830566406e+00 -4.092314243316650391e+00 7.227974534034729004e-01
-7.912680625915527344e+00 -4.096463680267333984e+00 7.234911918640136719e-01
-7.886650085449218750e+00 -4.094332218170166016e+00 7.228617668151855469e-01
-7.942822933197021484e+00 -4.088676452636718750e+00 7.256585359573364258e-01
-7.924523353576660156e+00 -4.085705757141113281e+00 7.229410409927368164e-01
-7.895995616912841797e+00 -4.082050323486328125e+00 7.217645645141601562e-01
-7.950082302093505859e+00 -4.073049545288085938e+00 7.265826463699340820e-01
-7.948344230651855469e+00 -4.079938411712646484e+00 7.248885035514831543e-01
-7.936909675598144531e+00 -4.075784683227539062e+00 7.221178412437438965e-01
-7.882799148559570312e+00 -4.071077346801757812e+00 7.266358137130737305e-01
-7.950404167175292969e+00 -4.067521095275878906e+00 7.207476496696472168e-01
-7.904151916503906250e+00 -4.067886352539062500e+00 7.212019562721252441e-01
-7.895385742187500000e+00 -4.058499813079833984e+00 7.237746715545654297e-01
-7.953056335449218750e+00 -4.046980857849121094e+00 7.207636237144470215e-01
-7.945499420166015625e+00 -4.045273303985595703e+00 7.215636968612670898e-01
-7.928322315216064453e+00 -4.039901733398437500e+00 7.227738499641418457e-01
-7.948898792266845703e+00 -4.014641761779785156e+00 7.289727926254272461e-01
-7.885823249816894531e+00 -4.007928848266601562e+00 7.205996513366699219e-01
-7.896067619323730469e+00 -3.990191459655761719e+00 7.261089086532592773e-01
-7.953816890716552734e+00 -3.987272500991821289e+00 7.246024608612060547e-01
-7.909682273864746094e+00 -3.986931800842285156e+00 7.243601679801940918e-01
-7.955826759338378906e+00 -3.961590051651000977e+00 7.223706245422363281e-01
-7.917432785034179688e+00 -3.965233564376831055e+00 7.235666513442993164e-01
-7.955299377441406250e+00 -3.947345018386840820e+00 7.284252047538757324e-01
-7.895500183105468750e+00 -4.121345520019531250e+00 7.317569851875305176e-01
-7.941339492797851562e+00 -4.118892192840576172e+00 7.326489090919494629e-01
-7.917745113372802734e+00 -4.102957248687744141e+00 7.334803342819213867e-01
-7.915805816650390625e+00 -4.075264930725097656e+00 7.328313589096069336e-01
-7.928397178649902344e+00 -4.057194232940673828e+00 7.309605479240417480e-01
-7.931879043579101562e+00 -4.034201145172119141e+00 7.332445383071899414e-01
