-6.045472145080566406e+00 -2.882716655731201172e+00 7.995263338088989258e-01
-6.048755645751953125e+00 -2.871572256088256836e+00 7.991744279861450195e-01
-6.033424377441406250e+00 -2.873647689819335938e+00 7.974294424057006836e-01
-6.013352394104003906e+00 -2.862315416336059570e+00 7.969962954521179199e-01
-6.063641071319580078e+00 -2.883938789367675781e+00 8.022370934486389160e-01
-6.053930282592773438e+00 -2.882580757141113281e+00 8.045575618743896484e-01
-6.046869277954101562e+00 -2.883358478546142578e+00 8.087336421012878418e-01
-6.030895233154296875e+00 -2.883845090866088867e+00 8.008707165718078613e-01
-6.021805763244628906e+00 -2.886092662811279297e+00 8.046567440032958984e-01
-6.034453868865966797e+00 -2.875408172607421875e+00 8.093934655189514160e-01
-6.022567749023437500e+00 -2.873905181884765625e+00 8.098816871643066406e-01
-6.016127586364746094e+00 -2.874689102172851562e+00 8.026449680328369141e-01
-6.029148101806640625e+00 -2.867683887481689453e+00 8.067342638969421387e-01
-6.013306617736816406e+00 -2.861777782440185547e+00 8.078095316886901855e-01
-6.029228687286376953e+00 -2.852413892745971680e+00 8.086192607879638672e-01
-6.010166645050048828e+00 -2.853499889373779297e+00 8.024603724479675293e-01
-6.003833770751953125e+00 -2.858934402465820312e+00 8.070866465568542480e-01
-6.047764778137207031e+00 -2.845158576965332031e+00 8.044524192810058594e-01
-6.034889221191406250e+00 -2.846182584762573242e+00 8.066917657852172852e-01
-6.018233299255371094e+00 -2.846658229827880859e+00 8.017333149909973145e-01
-6.066942214965820312e+00 -2.900549411773681641e+00 8.184170126914978027e-01
-6.056524753570556641e+00 -2.891608238220214844e+00 8.136866688728332520e-01
-6.046091079711914062e+00 -2.897311687469482422e+00 8.191557526588439941e-01
-6.065311431884765625e+00 -2.888512134552001953e+00 8.122644424438476562e-01
-6.029946327209472656e+00 -2.882225513458251953e+00 8.105553984642028809e-01
-6.035039901733398438e+00 -2.875294685363769531e+00 8.182206153869628906e-01
-6.015466690063476562e+00 -2.879359245300292969e+00 8.145487904548645020e-01
-6.023875236511230469e+00 -2.862467050552368164e+00 8.197430968284606934e-01
-6.053282737731933594e+00 -2.849802494049072266e+00 8.184139132499694824e-01
-6.036324024200439453e+00 -2.846744060516357422e+00 8.158075809478759766e-01
-6.018154621124267578e+00 -2.846203327178955078e+00 8.125309348106384277e-01
-6.064694404602050781e+00 -2.891177177429199219e+00 8.220602869987487793e-01
-6.046594619750976562e+00 -2.896867036819458008e+00 8.279577493667602539e-01
-6.028996467590332031e+00 -2.880605936050415039e+00 8.202137947082519531e-01
-6.058294773101806641e+00 -2.878142356872558594e+00 8.260307312011718750e-01
-6.032544612884521484e+00 -2.872194290161132812e+00 8.287109732627868652e-01
-6.020214080810546875e+00 -2.871065139770507812e+00 8.208955526351928711e-01
-6.014935493469238281e+00 -2.878167629241943359e+00 8.242301940917968750e-01
-6.045126438140869141e+00 -2.853958368301391602e+00 8.214541673660278320e-01
-6.006554603576660156e+00 -2.855490684509277344e+00 8.218229413032531738e-01
-6.051445007324218750e+00 -2.847424268722534180e+00 8.291840553283691406e-01
-6.045529365539550781e+00 -2.902159452438354492e+00 8.341556787490844727e-01
-6.054677963256835938e+00 -2.884791612625122070e+00 8.356112241744995117e-01
-6.034007549285888672e+00 -2.884143829345703125e+00 8.357704281806945801e-01
-6.058985233306884766e+00 -2.878167152404785156e+00 8.362485170364379883e-01
-6.038524150848388672e+00 -2.877307415008544922e+00 8.346474766731262207e-01
-6.023837089538574219e+00 -2.874236106872558594e+00 8.328436017036437988e-01
-6.015209197998046875e+00 -2.878067731857299805e+00 8.314045071601867676e-01
-6.064503669738769531e+00 -2.869552135467529297e+00 8.358967900276184082e-01
-6.045535564422607422e+00 -2.868851900100708008e+00 8.323444128036499023e-01
-6.037662982940673828e+00 -2.867146015167236328e+00 8.330706357955932617e-01
-6.004496574401855469e+00 -2.866044998168945312e+00 8.333083987236022949e-01
-6.047386169433593750e+00 -2.855257511138916016e+00 8.302757740020751953e-01
-6.028304100036621094e+00 -2.856486320495605469e+00 8.379351496696472168e-01
-6.017539024353027344e+00 -2.855833053588867188e+00 8.357218503952026367e-01
-6.005011558532714844e+00 -2.853674411773681641e+00 8.332510590553283691e-01
-6.036870956420898438e+00 -2.903812885284423828e+00 8.419849276542663574e-01
-6.058926582336425781e+00 -2.877542495727539062e+00 8.468129634857177734e-01
-6.039111614227294922e+00 -2.877193927764892578e+00 8.434945344924926758e-01
-6.025643348693847656e+00 -2.874783992767333984e+00 8.483008146286010742e-01
-6.064440727233886719e+00 -2.868932962417602539e+00 8.464614748954772949e-01
-6.046157360076904297e+00 -2.868645906448364258e+00 8.450366854667663574e-01
-6.035510063171386719e+00 -2.861545085906982422e+00 8.440030217170715332e-01
-6.005335807800292969e+00 -2.864640712738037109e+00 8.423606753349304199e-01
-6.046369552612304688e+00 -2.853600263595581055e+00 8.406186103820800781e-01
-6.025073528289794922e+00 -2.854701995849609375e+00 8.470485210418701172e-01
-6.017306327819824219e+00 -2.853005409240722656e+00 8.477644324302673340e-01
-6.046985626220703125e+00 -2.843989372253417969e+00 8.404883146286010742e-01
-6.043387889862060547e+00 -2.914230823516845703e+00 8.547945022583007812e-01
-6.044907569885253906e+00 -2.870531558990478516e+00 8.554795980453491211e-01
-6.036256790161132812e+00 -2.875668525695800781e+00 8.538340330123901367e-01
-6.025947570800781250e+00 -2.874884366989135742e+00 8.581865429878234863e-01
-6.035182952880859375e+00 -2.863950490951538086e+00 8.512659668922424316e-01
-6.026900768280029297e+00 -2.862409591674804688e+00 8.582113981246948242e-01
-6.005087852478027344e+00 -2.867295742034912109e+00 8.537572026252746582e-01
-6.050846099853515625e+00 -2.859034061431884766e+00 8.588665127754211426e-01
-6.044531822204589844e+00 -2.851204633712768555e+00 8.513019084930419922e-01
-6.031050682067871094e+00 -2.853950738906860352e+00 8.578875660896301270e-01
-6.026170253753662109e+00 -2.852334976196289062e+00 8.564268350601196289e-01
-6.018128395080566406e+00 -2.851593017578125000e+00 8.567047119140625000e-01
-6.045224189758300781e+00 -2.844220161437988281e+00 8.508880138397216797e-01
-6.043372154235839844e+00 -2.915706157684326172e+00 8.628520965576171875e-01
-6.045426368713378906e+00 -2.892296552658081055e+00 8.688676357269287109e-01
-6.004858016967773438e+00 -2.884665489196777344e+00 8.672816753387451172e-01
-6.045258522033691406e+00 -2.874616384506225586e+00 8.651328682899475098e-01
-6.035336494445800781e+00 -2.870827198028564453e+00 8.637933135032653809e-01
-6.044956207275390625e+00 -2.862249374389648438e+00 8.656165599822998047e-01
-6.013013362884521484e+00 -2.861800193786621094e+00 8.633177876472473145e-01
-6.005142211914062500e+00 -2.868999004364013672e+00 8.656039834022521973e-01
-6.052150726318359375e+00 -2.854008913040161133e+00 8.679703474044799805e-01
-6.036927700042724609e+00 -2.859921455383300781e+00 8.655901551246643066e-01
-6.026116371154785156e+00 -2.853782415390014648e+00 8.640681505203247070e-01
-6.018067359924316406e+00 -2.853039741516113281e+00 8.643462657928466797e-01
-6.047869205474853516e+00 -2.912685394287109375e+00 8.754741549491882324e-01
-6.005540847778320312e+00 -2.916767120361328125e+00 8.753027915954589844e-01
-6.050503730773925781e+00 -2.902431011199951172e+00 8.719720840454101562e-01
-6.031105518341064453e+00 -2.899352788925170898e+00 8.782773613929748535e-01
-6.023327350616455078e+00 -2.896670579910278320e+00 8.793617486953735352e-01
-6.015908241271972656e+00 -2.891570091247558594e+00 8.729166984558105469e-01
-6.068266868591308594e+00 -2.884740829467773438e+00 8.769183158874511719e-01
-6.042255401611328125e+00 -2.877596616744995117e+00 8.771198987960815430e-01
-6.035374164581298828e+00 -2.873743534088134766e+00 8.747944831848144531e-01
-6.024359226226806641e+00 -2.874553680419921875e+00 8.779255151748657227e-01
-6.012800693511962891e+00 -2.875208854675292969e+00 8.780975937843322754e-01
-6.004189491271972656e+00 -2.878260612487792969e+00 8.770420551300048828e-01
-6.046240806579589844e+00 -2.864544391632080078e+00 8.759635686874389648e-01
-6.036009311676025391e+00 -2.865623950958251953e+00 8.739010095596313477e-01
-6.052739143371582031e+00 -2.853894710540771484e+00 8.768373131752014160e-01
-6.025029659271240234e+00 -2.859297752380371094e+00 8.741146922111511230e-01
-6.016960144042968750e+00 -2.856423377990722656e+00 8.717835545539855957e-01
-6.004971981048583984e+00 -2.853698253631591797e+00 8.778350949287414551e-01
-6.017459869384765625e+00 -2.848515033721923828e+00 8.716027140617370605e-01
-6.043291568756103516e+00 -2.902011394500732422e+00 8.804408907890319824e-01
-6.070387840270996094e+00 -2.880366086959838867e+00 8.857949972152709961e-01
-6.025356769561767578e+00 -2.885673522949218750e+00 8.884900212287902832e-01
-6.018071651458740234e+00 -2.883381843566894531e+00 8.819637298583984375e-01
-6.050163269042968750e+00 -2.878036975860595703e+00 8.830800056457519531e-01
-6.042850017547607422e+00 -2.877166748046875000e+00 8.837751150131225586e-01
-6.035861492156982422e+00 -2.875316143035888672e+00 8.849031329154968262e-01
-6.028263092041015625e+00 -2.875426292419433594e+00 8.851642012596130371e-01
-6.049090862274169922e+00 -2.864191770553588867e+00 8.846148848533630371e-01
-6.037226200103759766e+00 -2.862115144729614258e+00 8.854392766952514648e-01
-6.042813777923583984e+00 -2.878586053848266602e+00 8.909505605697631836e-01
-6.036128044128417969e+00 -2.875753879547119141e+00 8.924920558929443359e-01
-6.026527881622314453e+00 -2.902423620223999023e+00 9.250518679618835449e-01
-6.034436225891113281e+00 -2.895674705505371094e+00 9.246948361396789551e-01
-6.050251960754394531e+00 -2.882175922393798828e+00 9.239807724952697754e-01
-6.042344093322753906e+00 -2.888925313949584961e+00 9.243378043174743652e-01
-6.058159828186035156e+00 -2.875426769256591797e+00 9.236237406730651855e-01
-6.020047187805175781e+00 -2.910043001174926758e+00 9.355081319808959961e-01
-6.019654750823974609e+00 -2.918466091156005859e+00 9.352880716323852539e-01
-6.008553028106689453e+00 -2.914223909378051758e+00 9.348066449165344238e-01
-6.052729606628417969e+00 -2.905514240264892578e+00 9.358249306678771973e-01
-6.030569076538085938e+00 -2.901425838470458984e+00 9.345923662185668945e-01
-6.026094913482666016e+00 -2.904577255249023438e+00 9.343986511230468750e-01
-6.012708187103271484e+00 -2.905753135681152344e+00 9.344823360443115234e-01
-6.055747032165527344e+00 -2.897065877914428711e+00 9.355159401893615723e-01
-6.033738136291503906e+00 -2.893297195434570312e+00 9.334310889244079590e-01
-6.017418861389160156e+00 -2.893591642379760742e+00 9.330512285232543945e-01
-5.997653484344482422e+00 -2.897551059722900391e+00 9.337134361267089844e-01
-6.050914764404296875e+00 -2.882403373718261719e+00 9.343641996383666992e-01
-6.041676998138427734e+00 -2.886191129684448242e+00 9.333028793334960938e-01
-6.025416851043701172e+00 -2.882815361022949219e+00 9.349139332771301270e-01
-6.010791778564453125e+00 -2.881229877471923828e+00 9.329933524131774902e-01
-6.004222869873046875e+00 -2.889390468597412109e+00 9.333534240722656250e-01
-6.058822631835937500e+00 -2.875654220581054688e+00 9.340071678161621094e-01
-6.043070793151855469e+00 -2.871245384216308594e+00 9.331242442131042480e-01
-6.034383296966552734e+00 -2.873324394226074219e+00 9.391276836395263672e-01
-6.023558616638183594e+00 -2.872603893280029297e+00 9.354595541954040527e-01
-6.017361164093017578e+00 -2.873069286346435547e+00 9.326333403587341309e-01
-6.046791076660156250e+00 -2.864046812057495117e+00 9.347285628318786621e-01
-6.033329010009765625e+00 -2.860411882400512695e+00 9.351449012756347656e-01
-6.028225421905517578e+00 -2.863217830657958984e+00 9.346703290939331055e-01
-6.054039955139160156e+00 -2.854613542556762695e+00 9.322758913040161133e-01
-6.046060562133789062e+00 -2.857373952865600586e+00 9.383066296577453613e-01
-6.037421703338623047e+00 -2.853873491287231445e+00 9.345505833625793457e-01
-6.022958755493164062e+00 -2.858190774917602539e+00 9.387359619140625000e-01
-6.058428764343261719e+00 -2.843058586120605469e+00 9.311596155166625977e-01
-6.027891159057617188e+00 -2.849386453628540039e+00 9.383887648582458496e-01
-6.034649848937988281e+00 -2.915223598480224609e+00 9.421104192733764648e-01
-6.022401332855224609e+00 -2.914314270019531250e+00 9.466294646263122559e-01
-6.019605636596679688e+00 -2.917807340621948242e+00 9.456789493560791016e-01
-6.007711410522460938e+00 -2.912720680236816406e+00 9.448440670967102051e-01
-6.030513286590576172e+00 -2.900778293609619141e+00 9.449836611747741699e-01
-6.027296543121337891e+00 -2.905776977539062500e+00 9.463166594505310059e-01
-6.011860847473144531e+00 -2.904262065887451172e+00 9.445202350616455078e-01
-6.060956954956054688e+00 -2.895708560943603516e+00 9.430288076400756836e-01
-6.033918857574462891e+00 -2.894069433212280273e+00 9.447185397148132324e-01
-6.025159835815429688e+00 -2.899788856506347656e+00 9.436194300651550293e-01
-6.016772270202636719e+00 -2.892508983612060547e+00 9.435485005378723145e-01
-6.008079528808593750e+00 -2.899115562438964844e+00 9.453951120376586914e-01
-5.998352050781250000e+00 -2.897652149200439453e+00 9.441763758659362793e-01
-6.041318893432617188e+00 -2.884474277496337891e+00 9.429911375045776367e-01
-6.038986206054687500e+00 -2.885599613189697266e+00 9.467740058898925781e-01
-6.027673721313476562e+00 -2.880462169647216797e+00 9.448956251144409180e-01
-6.012889862060546875e+00 -2.883788347244262695e+00 9.448523521423339844e-01
-6.004921436309814453e+00 -2.889491558074951172e+00 9.438163638114929199e-01
-6.054741859436035156e+00 -2.872152805328369141e+00 9.460626840591430664e-01
-6.045516967773437500e+00 -2.875712633132934570e+00 9.445511698722839355e-01
-6.032454490661621094e+00 -2.874346256256103516e+00 9.463871121406555176e-01
-6.024339199066162109e+00 -2.875214099884033203e+00 9.460222125053405762e-01
-6.015395164489746094e+00 -2.878188610076904297e+00 9.459114074707031250e-01
-6.061244010925292969e+00 -2.861193656921386719e+00 9.409047961235046387e-01
-6.045555114746093750e+00 -2.863008499145507812e+00 9.432861804962158203e-01
-6.037986755371093750e+00 -2.865062236785888672e+00 9.455573558807373047e-01
-6.028914928436279297e+00 -2.863386631011962891e+00 9.451795816421508789e-01
-6.068168640136718750e+00 -2.853411674499511719e+00 9.405462741851806641e-01
-6.054350852966308594e+00 -2.852995634078979492e+00 9.416943788528442383e-01
-6.046090126037597656e+00 -2.854094982147216797e+00 9.457269906997680664e-01
-6.037614822387695312e+00 -2.853806257247924805e+00 9.456219673156738281e-01
-6.058042049407958984e+00 -2.843753337860107422e+00 9.413523077964782715e-01
-6.047437667846679688e+00 -2.846467018127441406e+00 9.481284022331237793e-01
-6.032418251037597656e+00 -2.845694780349731445e+00 9.478525519371032715e-01
-6.066169738769531250e+00 -2.894350767135620117e+00 9.505946636199951172e-01
