-5.665024757385253906e+00 -3.026868104934692383e+00 7.175657153129577637e-01
-5.671591758728027344e+00 -2.753353595733642578e+00 7.136259078979492188e-01
-5.678741931915283203e+00 -3.055258989334106445e+00 7.288088798522949219e-01
-5.641057968139648438e+00 -3.055477619171142578e+00 7.232835292816162109e-01
-5.532167434692382812e+00 -3.041395425796508789e+00 7.285720109939575195e-01
-5.680344581604003906e+00 -3.036237478256225586e+00 7.281522154808044434e-01
-5.558617591857910156e+00 -2.870614290237426758e+00 7.250291705131530762e-01
-5.563808441162109375e+00 -2.853466987609863281e+00 7.244136333465576172e-01
-5.555155754089355469e+00 -2.793430805206298828e+00 7.289060354232788086e-01
-5.564030647277832031e+00 -2.777745246887207031e+00 7.273203730583190918e-01
-5.570113658905029297e+00 -2.761055469512939453e+00 7.264655828475952148e-01
-5.575263977050781250e+00 -2.744041204452514648e+00 7.258548140525817871e-01
-5.595358848571777344e+00 -3.050108671188354492e+00 7.362166643142700195e-01
-5.584755897521972656e+00 -3.051242828369140625e+00 7.395954728126525879e-01
-5.576577186584472656e+00 -3.053558826446533203e+00 7.320663928985595703e-01
-5.545380115509033203e+00 -3.053050994873046875e+00 7.393665909767150879e-01
-5.508261680603027344e+00 -3.053716182708740234e+00 7.328770756721496582e-01
-5.578894615173339844e+00 -3.045867919921875000e+00 7.360813617706298828e-01
-5.565094947814941406e+00 -3.044957637786865234e+00 7.371919751167297363e-01
-5.551075935363769531e+00 -3.049936532974243164e+00 7.385312318801879883e-01
-5.532167911529541016e+00 -3.043354988098144531e+00 7.308694720268249512e-01
-5.594486236572265625e+00 -3.034489631652832031e+00 7.330169081687927246e-01
-5.575538635253906250e+00 -3.033121109008789062e+00 7.330759763717651367e-01
-5.551313400268554688e+00 -3.032925128936767578e+00 7.393642067909240723e-01
-5.508477210998535156e+00 -3.034045934677124023e+00 7.328776121139526367e-01
-5.536526679992675781e+00 -3.026871681213378906e+00 7.308047413825988770e-01
-5.594692707061767578e+00 -3.013806343078613281e+00 7.349671125411987305e-01
-5.580849647521972656e+00 -3.015573740005493164e+00 7.324461340904235840e-01
-5.559625625610351562e+00 -3.010738372802734375e+00 7.396535873413085938e-01
-5.517131805419921875e+00 -3.017157077789306641e+00 7.342091202735900879e-01
-5.505681037902832031e+00 -3.014265298843383789e+00 7.348673939704895020e-01
-5.575948715209960938e+00 -3.006423473358154297e+00 7.397119402885437012e-01
-5.520870208740234375e+00 -3.002146720886230469e+00 7.339634895324707031e-01
-5.506442546844482422e+00 -3.000210285186767578e+00 7.368903756141662598e-01
-5.574293613433837891e+00 -2.992905855178833008e+00 7.348700761795043945e-01
-5.513016700744628906e+00 -2.997679233551025391e+00 7.387057542800903320e-01
-5.499244689941406250e+00 -2.992959260940551758e+00 7.378889918327331543e-01
-5.579378128051757812e+00 -2.988312721252441406e+00 7.390783429145812988e-01
-5.527616500854492188e+00 -2.987169742584228516e+00 7.392607927322387695e-01
-5.515576362609863281e+00 -2.983820915222167969e+00 7.372405529022216797e-01
-5.590046405792236328e+00 -2.975771903991699219e+00 7.346636056900024414e-01
-5.575515747070312500e+00 -2.975767612457275391e+00 7.358069419860839844e-01
-5.536894798278808594e+00 -2.972106456756591797e+00 7.360672950744628906e-01
-5.518600940704345703e+00 -2.970983266830444336e+00 7.355307340621948242e-01
-5.509847640991210938e+00 -2.979541540145874023e+00 7.360325455665588379e-01
-5.512996673583984375e+00 -2.965133666992187500e+00 7.382518053054809570e-01
-5.577773094177246094e+00 -2.952530860900878906e+00 7.368807792663574219e-01
-5.566532135009765625e+00 -2.950352668762207031e+00 7.383233904838562012e-01
-5.541658401489257812e+00 -2.955280303955078125e+00 7.378176450729370117e-01
-5.532119750976562500e+00 -2.951770544052124023e+00 7.367376089096069336e-01
-5.524231433868408203e+00 -2.956163406372070312e+00 7.349856495857238770e-01
-5.513047218322753906e+00 -2.946642875671386719e+00 7.383000850677490234e-01
-5.574610710144042969e+00 -2.933750152587890625e+00 7.369803786277770996e-01
-5.527288436889648438e+00 -2.931697607040405273e+00 7.392613887786865234e-01
-5.516751766204833984e+00 -2.933813095092773438e+00 7.388977408409118652e-01
-5.531326293945312500e+00 -2.923734188079833984e+00 7.352784276008605957e-01
-5.529125213623046875e+00 -2.923849105834960938e+00 7.357908487319946289e-01
-5.511849403381347656e+00 -2.926127910614013672e+00 7.389557361602783203e-01
-5.566020011901855469e+00 -2.919843196868896484e+00 7.398272156715393066e-01
-5.535995960235595703e+00 -2.913366794586181641e+00 7.363138198852539062e-01
-5.485312461853027344e+00 -2.914540767669677734e+00 7.380269169807434082e-01
-5.560453414916992188e+00 -2.906469821929931641e+00 7.362651824951171875e-01
-5.543019294738769531e+00 -2.902461290359497070e+00 7.370929121971130371e-01
-5.532003879547119141e+00 -2.907944917678833008e+00 7.360603809356689453e-01
-5.567020416259765625e+00 -2.890329837799072266e+00 7.356660366058349609e-01
-5.545100688934326172e+00 -2.896666049957275391e+00 7.328221797943115234e-01
-5.534868240356445312e+00 -2.892077922821044922e+00 7.363313436508178711e-01
-5.567805290222167969e+00 -2.889608383178710938e+00 7.399889230728149414e-01
-5.547107219696044922e+00 -2.883668899536132812e+00 7.351173758506774902e-01
-5.540467739105224609e+00 -2.877338409423828125e+00 7.357892394065856934e-01
-5.527459144592285156e+00 -2.878270626068115234e+00 7.352250814437866211e-01
-5.541473388671875000e+00 -2.860812902450561523e+00 7.366054654121398926e-01
-5.536128997802734375e+00 -2.864656209945678711e+00 7.366833090782165527e-01
-5.570151329040527344e+00 -2.859945774078369141e+00 7.352024912834167480e-01
-5.535091400146484375e+00 -2.859868526458740234e+00 7.377101182937622070e-01
-5.540358543395996094e+00 -2.848574638366699219e+00 7.366330027580261230e-01
-5.538757324218750000e+00 -2.844037055969238281e+00 7.379873394966125488e-01
-5.560872077941894531e+00 -2.838461160659790039e+00 7.367258667945861816e-01
-5.545160293579101562e+00 -2.831449031829833984e+00 7.363888025283813477e-01
-5.541164398193359375e+00 -2.826022624969482422e+00 7.310985922813415527e-01
-5.483601570129394531e+00 -2.823921442031860352e+00 7.394824624061584473e-01
-5.574050903320312500e+00 -2.815177202224731445e+00 7.398238778114318848e-01
-5.537258148193359375e+00 -2.812251091003417969e+00 7.397419214248657227e-01
-5.589897155761718750e+00 -2.805710792541503906e+00 7.352240085601806641e-01
-5.531421661376953125e+00 -2.803675413131713867e+00 7.343870997428894043e-01
-5.591712951660156250e+00 -2.791008472442626953e+00 7.350144386291503906e-01
-5.551395893096923828e+00 -2.796405553817749023e+00 7.365222573280334473e-01
-5.689245700836181641e+00 -2.780514717102050781e+00 7.338446974754333496e-01
-5.590708732604980469e+00 -2.775327920913696289e+00 7.356854677200317383e-01
-5.524755477905273438e+00 -2.773746013641357422e+00 7.336547970771789551e-01
-5.694623947143554688e+00 -2.762745380401611328e+00 7.332068681716918945e-01
-5.688551425933837891e+00 -2.760545253753662109e+00 7.372187972068786621e-01
-5.496786594390869141e+00 -2.766196727752685547e+00 7.389130592346191406e-01
-5.540040016174316406e+00 -2.758141756057739258e+00 7.370082736015319824e-01
-5.522259712219238281e+00 -2.755830526351928711e+00 7.355015873908996582e-01
-5.507725715637207031e+00 -2.754539966583251953e+00 7.363743185997009277e-01
-5.694294929504394531e+00 -2.744843482971191406e+00 7.349801063537597656e-01
-5.622543334960937500e+00 -2.742547035217285156e+00 7.377510070800781250e-01
-5.587690353393554688e+00 -2.744588375091552734e+00 7.356278300285339355e-01
-5.548330783843994141e+00 -2.745815753936767578e+00 7.343884706497192383e-01
-5.524953842163085938e+00 -2.747469902038574219e+00 7.376809120178222656e-01
-5.503076553344726562e+00 -2.748412370681762695e+00 7.389004826545715332e-01
-5.486601829528808594e+00 -2.739947795867919922e+00 7.399529218673706055e-01
-5.583453655242919922e+00 -3.053122758865356445e+00 7.465696334838867188e-01
-5.552430152893066406e+00 -3.050311803817749023e+00 7.487046718597412109e-01
-5.504023551940917969e+00 -3.053011894226074219e+00 7.409271597862243652e-01
-5.489778518676757812e+00 -3.054364681243896484e+00 7.455635070800781250e-01
-5.537294387817382812e+00 -3.047028779983520508e+00 7.418817281723022461e-01
-5.506939888000488281e+00 -3.042060852050781250e+00 7.491311430931091309e-01
-5.554629325866699219e+00 -3.036771059036254883e+00 7.479223012924194336e-01
-5.545763015747070312e+00 -3.035381317138671875e+00 7.403857111930847168e-01
-5.516659736633300781e+00 -3.032721996307373047e+00 7.459161281585693359e-01
-5.481858253479003906e+00 -3.035593032836914062e+00 7.482736706733703613e-01
-5.476802825927734375e+00 -3.035825014114379883e+00 7.447840571403503418e-01
-5.554955482482910156e+00 -3.023243427276611328e+00 7.442457079887390137e-01
-5.538154602050781250e+00 -3.028731346130371094e+00 7.427982091903686523e-01
-5.481890201568603516e+00 -3.021839141845703125e+00 7.483716011047363281e-01
-5.567543506622314453e+00 -3.013847351074218750e+00 7.436681985855102539e-01
-5.546139240264892578e+00 -3.013420581817626953e+00 7.418433427810668945e-01
-5.534440994262695312e+00 -3.012417316436767578e+00 7.448269128799438477e-01
-5.504674434661865234e+00 -3.012228012084960938e+00 7.497078776359558105e-01
-5.475030899047851562e+00 -3.016121864318847656e+00 7.469611167907714844e-01
-5.571644306182861328e+00 -3.001127243041992188e+00 7.422845363616943359e-01
-5.536600112915039062e+00 -3.007769107818603516e+00 7.490097880363464355e-01
-5.519218444824218750e+00 -3.001439332962036133e+00 7.492224574089050293e-01
-5.486004829406738281e+00 -3.006650447845458984e+00 7.480055093765258789e-01
-5.541433334350585938e+00 -2.994799613952636719e+00 7.463545799255371094e-01
-5.533715248107910156e+00 -2.990695953369140625e+00 7.465211749076843262e-01
-5.496760368347167969e+00 -2.992264747619628906e+00 7.464497685432434082e-01
-5.566240787506103516e+00 -2.984146595001220703e+00 7.458719015121459961e-01
-5.545831680297851562e+00 -2.985513448715209961e+00 7.440454959869384766e-01
-5.525371074676513672e+00 -2.985861778259277344e+00 7.486466169357299805e-01
-5.482527256011962891e+00 -2.981851816177368164e+00 7.446158528327941895e-01
-5.570381641387939453e+00 -2.971101522445678711e+00 7.425066232681274414e-01
-5.545945644378662109e+00 -2.974183082580566406e+00 7.467329502105712891e-01
-5.538443565368652344e+00 -2.974475145339965820e+00 7.471637129783630371e-01
-5.501198768615722656e+00 -2.976232290267944336e+00 7.410199046134948730e-01
-5.487044811248779297e+00 -2.977164030075073242e+00 7.480983734130859375e-01
-5.505510330200195312e+00 -2.969796657562255859e+00 7.492065429687500000e-01
-5.486032962799072266e+00 -2.961535215377807617e+00 7.487977147102355957e-01
-5.563589096069335938e+00 -2.955135583877563477e+00 7.407728433609008789e-01
-5.542906284332275391e+00 -2.954677581787109375e+00 7.471250295639038086e-01
-5.538237094879150391e+00 -2.959783315658569336e+00 7.478830814361572266e-01
-5.529485702514648438e+00 -2.953248023986816406e+00 7.496693730354309082e-01
-5.505786418914794922e+00 -2.955679655075073242e+00 7.490404248237609863e-01
-5.497903823852539062e+00 -2.956063747406005859e+00 7.406065464019775391e-01
-5.556611537933349609e+00 -2.948393821716308594e+00 7.444168925285339355e-01
-5.542917251586914062e+00 -2.949113607406616211e+00 7.458283305168151855e-01
-5.562344551086425781e+00 -2.933793544769287109e+00 7.406201958656311035e-01
-5.556176662445068359e+00 -2.934903621673583984e+00 7.454413771629333496e-01
-5.542632579803466797e+00 -2.935981512069702148e+00 7.453763484954833984e-01
-5.533873558044433594e+00 -2.936874389648437500e+00 7.451297044754028320e-01
-5.510811805725097656e+00 -2.933190345764160156e+00 7.401218414306640625e-01
-5.564071655273437500e+00 -2.920540094375610352e+00 7.428387999534606934e-01
-5.556128501892089844e+00 -2.920712709426879883e+00 7.467468976974487305e-01
-5.539596557617187500e+00 -2.926660537719726562e+00 7.482619285583496094e-01
-5.601103782653808594e+00 -2.917099714279174805e+00 7.415678501129150391e-01
-5.542668342590332031e+00 -2.914711952209472656e+00 7.440324425697326660e-01
-5.534408092498779297e+00 -2.919069528579711914e+00 7.474942803382873535e-01
-5.565987586975097656e+00 -2.904324054718017578e+00 7.401988506317138672e-01
-5.557378292083740234e+00 -2.906745195388793945e+00 7.462644577026367188e-01
-5.506997108459472656e+00 -2.906182765960693359e+00 7.414836287498474121e-01
-5.597913265228271484e+00 -2.899119615554809570e+00 7.411998510360717773e-01
-5.584530830383300781e+00 -2.895775794982910156e+00 7.497141957283020020e-01
-5.546216964721679688e+00 -2.896681308746337891e+00 7.480028867721557617e-01
-5.529872894287109375e+00 -2.891074657440185547e+00 7.478807568550109863e-01
-5.519997119903564453e+00 -2.891489505767822266e+00 7.470135092735290527e-01
-5.595768928527832031e+00 -2.881566524505615234e+00 7.405920028686523438e-01
-5.585436344146728516e+00 -2.880587100982666016e+00 7.497794628143310547e-01
-5.545777797698974609e+00 -2.884262800216674805e+00 7.470744252204895020e-01
-5.488397598266601562e+00 -2.880756855010986328e+00 7.478902339935302734e-01
-5.568690299987792969e+00 -2.874530076980590820e+00 7.400710582733154297e-01
-5.547254562377929688e+00 -2.875782966613769531e+00 7.486776113510131836e-01
-5.533955097198486328e+00 -2.878726720809936523e+00 7.433459758758544922e-01
-5.528597831726074219e+00 -2.877569437026977539e+00 7.477533817291259766e-01
-5.494616985321044922e+00 -2.874889373779296875e+00 7.485513687133789062e-01
-5.484750747680664062e+00 -2.879474639892578125e+00 7.429882884025573730e-01
-5.479780197143554688e+00 -2.873886108398437500e+00 7.440128326416015625e-01
-5.588200569152832031e+00 -2.866163015365600586e+00 7.492747306823730469e-01
-5.551611423492431641e+00 -2.860837936401367188e+00 7.478266358375549316e-01
-5.544622898101806641e+00 -2.867555379867553711e+00 7.420015335083007812e-01
-5.533083915710449219e+00 -2.863007068634033203e+00 7.421659827232360840e-01
-5.525339126586914062e+00 -2.863185882568359375e+00 7.482709288597106934e-01
-5.497237682342529297e+00 -2.861243247985839844e+00 7.477809190750122070e-01
-5.593764305114746094e+00 -2.852827310562133789e+00 7.479132413864135742e-01
-5.572147369384765625e+00 -2.856998443603515625e+00 7.455351948738098145e-01
-5.555598258972167969e+00 -2.853936195373535156e+00 7.445338964462280273e-01
-5.525057315826416016e+00 -2.850159883499145508e+00 7.478225827217102051e-01
-5.485150337219238281e+00 -2.854819059371948242e+00 7.499275803565979004e-01
-5.560185432434082031e+00 -2.840459346771240234e+00 7.434525489807128906e-01
-5.555712699890136719e+00 -2.848117828369140625e+00 7.464430332183837891e-01
-5.535573482513427734e+00 -2.844157934188842773e+00 7.432003021240234375e-01
-5.504148960113525391e+00 -2.841614007949829102e+00 7.489576935768127441e-01
-5.489356994628906250e+00 -2.840455532073974609e+00 7.478629350662231445e-01
-5.560769557952880859e+00 -2.835745096206665039e+00 7.447566390037536621e-01
-5.558963775634765625e+00 -2.838124513626098633e+00 7.491869926452636719e-01
-5.530362129211425781e+00 -2.838945150375366211e+00 7.477586269378662109e-01
-5.566645622253417969e+00 -2.827669143676757812e+00 7.417854070663452148e-01
-5.554597377777099609e+00 -2.827834844589233398e+00 7.459444999694824219e-01
-5.533593654632568359e+00 -2.828143358230590820e+00 7.426636815071105957e-01
-5.526787757873535156e+00 -2.821740150451660156e+00 7.431434988975524902e-01
-5.511719703674316406e+00 -2.822271108627319336e+00 7.442365288734436035e-01
-5.482076644897460938e+00 -2.821529150009155273e+00 7.485135197639465332e-01
-5.561566352844238281e+00 -2.813509464263916016e+00 7.444890737533569336e-01
-5.557689189910888672e+00 -2.812486410140991211e+00 7.455776333808898926e-01
-5.543653488159179688e+00 -2.814537048339843750e+00 7.425522208213806152e-01
-5.531149864196777344e+00 -2.814018964767456055e+00 7.442161440849304199e-01
-5.591762542724609375e+00 -2.805720806121826172e+00 7.495461106300354004e-01
-5.564050674438476562e+00 -2.800806760787963867e+00 7.459173202514648438e-01
-5.540779113769531250e+00 -2.805075407028198242e+00 7.405332326889038086e-01
-5.529531478881835938e+00 -2.806189060211181641e+00 7.434259057044982910e-01
-5.513946533203125000e+00 -2.805776119232177734e+00 7.447260618209838867e-01
-5.594516754150390625e+00 -2.791348934173583984e+00 7.490432262420654297e-01
-5.574149131774902344e+00 -2.792924404144287109e+00 7.425408363342285156e-01
-5.562843322753906250e+00 -2.795459508895874023e+00 7.449664473533630371e-01
-5.558786392211914062e+00 -2.791697263717651367e+00 7.451239228248596191e-01
-5.534445762634277344e+00 -2.793713092803955078e+00 7.416794300079345703e-01
-5.525582313537597656e+00 -2.791288375854492188e+00 7.464534640312194824e-01
-5.517041206359863281e+00 -2.794503927230834961e+00 7.432649731636047363e-01
-5.552858352661132812e+00 -2.783122539520263672e+00 7.489482760429382324e-01
-5.521808624267578125e+00 -2.784157514572143555e+00 7.444577217102050781e-01
-5.513137817382812500e+00 -2.786911487579345703e+00 7.462407350540161133e-01
-5.490196228027343750e+00 -2.788369655609130859e+00 7.437191605567932129e-01
-5.577526569366455078e+00 -2.775086879730224609e+00 7.419167757034301758e-01
-5.567062377929687500e+00 -2.778108835220336914e+00 7.445926070213317871e-01
-5.558120727539062500e+00 -2.777067422866821289e+00 7.452481985092163086e-01
-5.532370567321777344e+00 -2.776000022888183594e+00 7.442399263381958008e-01
-5.525095939636230469e+00 -2.771789789199829102e+00 7.432307600975036621e-01
-5.514041900634765625e+00 -2.775194168090820312e+00 7.453781366348266602e-01
-5.497417449951171875e+00 -2.773240566253662109e+00 7.428917884826660156e-01
-5.489571571350097656e+00 -2.779141664505004883e+00 7.402878403663635254e-01
-5.654541969299316406e+00 -2.766927242279052734e+00 7.441482543945312500e-01
-5.638497352600097656e+00 -2.761333942413330078e+00 7.473247051239013672e-01
-5.572214126586914062e+00 -2.761088371276855469e+00 7.439816594123840332e-01
-5.560319900512695312e+00 -2.763526439666748047e+00 7.444657683372497559e-01
-5.545475482940673828e+00 -2.764846801757812500e+00 7.463396787643432617e-01
-5.538237094879150391e+00 -2.762053251266479492e+00 7.440827488899230957e-01
-5.493947029113769531e+00 -2.761344432830810547e+00 7.405419945716857910e-01
-5.690252780914306641e+00 -2.751928806304931641e+00 7.446205019950866699e-01
-5.655841827392578125e+00 -2.752404928207397461e+00 7.436466813087463379e-01
-5.580904483795166016e+00 -2.757249593734741211e+00 7.412927150726318359e-01
-5.572837829589843750e+00 -2.756500720977783203e+00 7.424819469451904297e-01
-5.556694984436035156e+00 -2.754180192947387695e+00 7.450268268585205078e-01
-5.543852329254150391e+00 -2.751024484634399414e+00 7.411829829216003418e-01
-5.537104129791259766e+00 -2.757075548171997070e+00 7.434913516044616699e-01
-5.526961803436279297e+00 -2.756159305572509766e+00 7.422353029251098633e-01
-5.505283832550048828e+00 -2.758919477462768555e+00 7.459443211555480957e-01
-5.638198852539062500e+00 -2.747545719146728516e+00 7.468501329421997070e-01
-5.597167491912841797e+00 -2.747245073318481445e+00 7.470721006393432617e-01
-5.580140113830566406e+00 -2.747085094451904297e+00 7.464134097099304199e-01
-5.576824188232421875e+00 -2.746350049972534180e+00 7.423287630081176758e-01
-5.560607910156250000e+00 -2.749277353286743164e+00 7.442884445190429688e-01
-5.552989959716796875e+00 -2.743848085403442383e+00 7.472657561302185059e-01
-5.545248031616210938e+00 -2.746794700622558594e+00 7.416746020317077637e-01
-5.531088829040527344e+00 -2.748112440109252930e+00 7.423122525215148926e-01
-5.507876396179199219e+00 -2.747954607009887695e+00 7.466844916343688965e-01
-5.481251716613769531e+00 -2.741808652877807617e+00 7.480407953262329102e-01
-5.555837631225585938e+00 -2.739657878875732422e+00 7.477025389671325684e-01
-5.503828048706054688e+00 -3.054777860641479492e+00 7.502132654190063477e-01
-5.573442459106445312e+00 -3.045471668243408203e+00 7.564474940299987793e-01
-5.551378726959228516e+00 -3.045216560363769531e+00 7.564663290977478027e-01
-5.542311191558837891e+00 -3.043400287628173828e+00 7.572271227836608887e-01
-5.532678127288818359e+00 -3.042511463165283203e+00 7.575599551200866699e-01
-5.492154598236083984e+00 -3.045504570007324219e+00 7.560533881187438965e-01
-5.588892936706542969e+00 -3.038411855697631836e+00 7.515816092491149902e-01
-5.561282157897949219e+00 -3.035842418670654297e+00 7.566537261009216309e-01
-5.589221954345703125e+00 -3.023694038391113281e+00 7.513815760612487793e-01
-5.563526153564453125e+00 -3.025700330734252930e+00 7.542392611503601074e-01
-5.540500640869140625e+00 -3.028953790664672852e+00 7.539761662483215332e-01
-5.530960083007812500e+00 -3.028073310852050781e+00 7.543058395385742188e-01
-5.522011280059814453e+00 -3.026268482208251953e+00 7.550691366195678711e-01
-5.515094757080078125e+00 -3.025071382522583008e+00 7.585677504539489746e-01
-5.495558261871337891e+00 -3.028630733489990234e+00 7.549745440483093262e-01
-5.560557842254638672e+00 -3.010403633117675781e+00 7.543215751647949219e-01
-5.544713497161865234e+00 -3.013361930847167969e+00 7.513263225555419922e-01
-5.513821601867675781e+00 -3.011612415313720703e+00 7.584420442581176758e-01
-5.497057914733886719e+00 -3.010838031768798828e+00 7.543603181838989258e-01
-5.487531185150146484e+00 -3.011156558990478516e+00 7.544449567794799805e-01
-5.590497016906738281e+00 -3.009449005126953125e+00 7.508895993232727051e-01
-5.560708522796630859e+00 -3.009366512298583984e+00 7.557424902915954590e-01
-5.590709209442138672e+00 -2.997376203536987305e+00 7.588428854942321777e-01
-5.576402664184570312e+00 -2.993007421493530273e+00 7.528657913208007812e-01
-5.565349578857421875e+00 -2.997823238372802734e+00 7.534546852111816406e-01
-5.551343441009521484e+00 -2.997068405151367188e+00 7.507215142250061035e-01
-5.512547492980957031e+00 -2.998167276382446289e+00 7.583168745040893555e-01
-5.474342346191406250e+00 -2.991566896438598633e+00 7.582444548606872559e-01
-5.574809074401855469e+00 -2.988642215728759766e+00 7.529258728027343750e-01
-5.566086292266845703e+00 -2.981555700302124023e+00 7.533121705055236816e-01
-5.513379096984863281e+00 -2.983617305755615234e+00 7.536225318908691406e-01
-5.487003326416015625e+00 -2.989079236984252930e+00 7.553363442420959473e-01
-5.478874206542968750e+00 -2.988432645797729492e+00 7.503619194030761719e-01
-5.583483695983886719e+00 -2.973981380462646484e+00 7.508872151374816895e-01
-5.577878952026367188e+00 -2.973815679550170898e+00 7.545890212059020996e-01
-5.569781303405761719e+00 -2.974574327468872070e+00 7.512361407279968262e-01
-5.514966964721679688e+00 -2.973844766616821289e+00 7.564671039581298828e-01
-5.485969543457031250e+00 -2.973442554473876953e+00 7.544879317283630371e-01
-5.569773674011230469e+00 -2.967546463012695312e+00 7.525236010551452637e-01
-5.523394584655761719e+00 -2.966685295104980469e+00 7.503268122673034668e-01
-5.573446273803710938e+00 -2.955265045166015625e+00 7.538011074066162109e-01
-5.564527034759521484e+00 -2.958842277526855469e+00 7.523491382598876953e-01
-5.550989627838134766e+00 -2.958622694015502930e+00 7.530838251113891602e-01
-5.543196678161621094e+00 -2.955907344818115234e+00 7.505451440811157227e-01
-5.481461524963378906e+00 -2.957610845565795898e+00 7.543228268623352051e-01
-5.602457046508789062e+00 -2.949765443801879883e+00 7.529890537261962891e-01
-5.573766231536865234e+00 -2.942504644393920898e+00 7.556646466255187988e-01
-5.560267448425292969e+00 -2.943655490875244141e+00 7.531498670578002930e-01
-5.556672096252441406e+00 -2.942036867141723633e+00 7.527209520339965820e-01
-5.473860740661621094e+00 -2.945089340209960938e+00 7.592891454696655273e-01
-5.602164268493652344e+00 -2.936242341995239258e+00 7.525236606597900391e-01
-5.577156066894531250e+00 -2.939488887786865234e+00 7.509453892707824707e-01
-5.559980392456054688e+00 -2.930410861968994141e+00 7.526940107345581055e-01
-5.528389453887939453e+00 -2.931521415710449219e+00 7.557502985000610352e-01
-5.496590614318847656e+00 -2.937107086181640625e+00 7.519343495368957520e-01
-5.483943939208984375e+00 -2.931267738342285156e+00 7.565778493881225586e-01
-5.578997135162353516e+00 -2.924650192260742188e+00 7.507244944572448730e-01
-5.561437129974365234e+00 -2.925085306167602539e+00 7.525968551635742188e-01
-5.523850440979003906e+00 -2.925820827484130859e+00 7.533202171325683594e-01
-5.512042999267578125e+00 -2.925565242767333984e+00 7.557089924812316895e-01
-5.495910644531250000e+00 -2.922642230987548828e+00 7.520775794982910156e-01
-5.471987724304199219e+00 -2.925035953521728516e+00 7.540627717971801758e-01
-5.560686111450195312e+00 -2.917631864547729492e+00 7.519234418869018555e-01
-5.534428596496582031e+00 -2.916155815124511719e+00 7.551826834678649902e-01
-5.518110275268554688e+00 -2.910203456878662109e+00 7.551411390304565430e-01
-5.487344264984130859e+00 -2.914433717727661133e+00 7.555003762245178223e-01
-5.477394104003906250e+00 -2.912508487701416016e+00 7.526898980140686035e-01
-5.578051567077636719e+00 -2.908657550811767578e+00 7.513580918312072754e-01
-5.561616420745849609e+00 -2.906297206878662109e+00 7.536679506301879883e-01
-5.554443359375000000e+00 -2.901626586914062500e+00 7.533577084541320801e-01
-5.540468215942382812e+00 -2.900790214538574219e+00 7.546150684356689453e-01
-5.527196884155273438e+00 -2.908146142959594727e+00 7.527018785476684570e-01
-5.487641811370849609e+00 -2.904734611511230469e+00 7.546730637550354004e-01
-5.582791805267333984e+00 -2.899787187576293945e+00 7.518885731697082520e-01
-5.568183898925781250e+00 -2.890156984329223633e+00 7.530688047409057617e-01
-5.536831378936767578e+00 -2.892266750335693359e+00 7.518139481544494629e-01
-5.522700786590576172e+00 -2.897387742996215820e+00 7.528983354568481445e-01
-5.488833427429199219e+00 -2.896759748458862305e+00 7.548903226852416992e-01
-5.582460403442382812e+00 -2.881709098815917969e+00 7.512663006782531738e-01
-5.556142330169677734e+00 -2.889319896697998047e+00 7.522725462913513184e-01
-5.495756149291992188e+00 -2.880246162414550781e+00 7.518988251686096191e-01
-5.471665382385253906e+00 -2.881878852844238281e+00 7.575122117996215820e-01
-5.574750900268554688e+00 -2.874017238616943359e+00 7.524697184562683105e-01
-5.555855751037597656e+00 -2.876095056533813477e+00 7.518173456192016602e-01
-5.530244827270507812e+00 -2.879479885101318359e+00 7.540053725242614746e-01
-5.584117889404296875e+00 -2.864416599273681641e+00 7.501814961433410645e-01
-5.556560516357421875e+00 -2.863309383392333984e+00 7.510463595390319824e-01
-5.548954963684082031e+00 -2.863132715225219727e+00 7.504643201828002930e-01
-5.537000656127929688e+00 -2.860009193420410156e+00 7.525124549865722656e-01
-5.523176193237304688e+00 -2.869890213012695312e+00 7.568331360816955566e-01
-5.581796646118164062e+00 -2.845552206039428711e+00 7.500217556953430176e-01
-5.551794052124023438e+00 -2.847327947616577148e+00 7.507175803184509277e-01
-5.541577339172363281e+00 -2.845614910125732422e+00 7.519931793212890625e-01
-5.506051063537597656e+00 -2.848300933837890625e+00 7.514954805374145508e-01
-5.585319519042968750e+00 -2.834108352661132812e+00 7.508375644683837891e-01
-5.562576293945312500e+00 -2.835725307464599609e+00 7.584476470947265625e-01
-5.552771568298339844e+00 -2.830870866775512695e+00 7.515032291412353516e-01
-5.546153068542480469e+00 -2.831220626831054688e+00 7.514739036560058594e-01
-5.516386032104492188e+00 -2.833867073059082031e+00 7.577779889106750488e-01
-5.587916374206542969e+00 -2.823109626770019531e+00 7.525207400321960449e-01
-5.532759666442871094e+00 -2.827435731887817383e+00 7.565944790840148926e-01
-5.494893550872802734e+00 -2.823702096939086914e+00 7.518744468688964844e-01
-5.484138011932373047e+00 -2.824049234390258789e+00 7.540371417999267578e-01
-5.587137222290039062e+00 -2.819393157958984375e+00 7.506209611892700195e-01
-5.554543495178222656e+00 -2.816497325897216797e+00 7.509585618972778320e-01
-5.540687561035156250e+00 -2.811905384063720703e+00 7.589002251625061035e-01
-5.538006782531738281e+00 -2.812040328979492188e+00 7.540737390518188477e-01
-5.505957126617431641e+00 -2.813594579696655273e+00 7.591124176979064941e-01
-5.498959541320800781e+00 -2.811358928680419922e+00 7.504838109016418457e-01
-5.587625026702880859e+00 -2.809666156768798828e+00 7.520580291748046875e-01
-5.585350036621093750e+00 -2.795424222946166992e+00 7.522164583206176758e-01
-5.560592651367187500e+00 -2.791658878326416016e+00 7.587745189666748047e-01
-5.541657924652099609e+00 -2.795172214508056641e+00 7.571299076080322266e-01
-5.523196697235107422e+00 -2.792141914367675781e+00 7.564709186553955078e-01
-5.585059165954589844e+00 -2.781994104385375977e+00 7.517542243003845215e-01
-5.548976898193359375e+00 -2.781000614166259766e+00 7.554088830947875977e-01
-5.527349472045898438e+00 -2.783471345901489258e+00 7.519215941429138184e-01
-5.470071792602539062e+00 -2.785939455032348633e+00 7.577974796295166016e-01
-5.590695381164550781e+00 -2.774665117263793945e+00 7.505474090576171875e-01
-5.560882091522216797e+00 -2.777383565902709961e+00 7.585896849632263184e-01
-5.546994209289550781e+00 -2.778857707977294922e+00 7.560491561889648438e-01
-5.533005714416503906e+00 -2.778245687484741211e+00 7.579538822174072266e-01
-5.562126159667968750e+00 -2.763475179672241211e+00 7.581093311309814453e-01
-5.553167819976806641e+00 -2.763899087905883789e+00 7.530732750892639160e-01
-5.543488502502441406e+00 -2.763016700744628906e+00 7.560219168663024902e-01
-5.521605014801025391e+00 -2.763530731201171875e+00 7.545517683029174805e-01
-5.478126525878906250e+00 -2.765111684799194336e+00 7.558066248893737793e-01
-5.656730651855468750e+00 -2.751981496810913086e+00 7.582085728645324707e-01
-5.571806907653808594e+00 -2.752892971038818359e+00 7.566458582878112793e-01
-5.566220283508300781e+00 -2.750215768814086914e+00 7.501674294471740723e-01
-5.522596836090087891e+00 -2.754528760910034180e+00 7.509574890136718750e-01
-5.495942592620849609e+00 -2.753598928451538086e+00 7.511894702911376953e-01
-5.579033374786376953e+00 -2.748927354812622070e+00 7.531036734580993652e-01
-5.562414169311523438e+00 -2.749219655990600586e+00 7.579251527786254883e-01
-5.555730819702148438e+00 -2.744135379791259766e+00 7.598542571067810059e-01
-5.530748367309570312e+00 -2.748918771743774414e+00 7.532315850257873535e-01
-5.462403774261474609e+00 -3.041494846343994141e+00 7.674551010131835938e-01
-5.562041282653808594e+00 -3.035370826721191406e+00 7.698779106140136719e-01
-5.515465736389160156e+00 -3.038547515869140625e+00 7.691484689712524414e-01
-5.506450653076171875e+00 -3.036735057830810547e+00 7.699008584022521973e-01
-5.562748432159423828e+00 -3.022651433944702148e+00 7.691158056259155273e-01
-5.530651569366455078e+00 -3.029584407806396484e+00 7.634474039077758789e-01
-5.521104335784912109e+00 -3.028703689575195312e+00 7.637773156166076660e-01
-5.511557102203369141e+00 -3.027822971343994141e+00 7.641072273254394531e-01
-5.473368644714355469e+00 -3.024299621582031250e+00 7.654267549514770508e-01
-5.465715408325195312e+00 -3.020653724670410156e+00 7.670336365699768066e-01
-5.568426132202148438e+00 -3.012477636337280273e+00 7.668203115463256836e-01
-5.519659519195556641e+00 -3.014296054840087891e+00 7.605998516082763672e-01
-5.588018417358398438e+00 -3.009297370910644531e+00 7.602258324623107910e-01
-5.517466545104980469e+00 -3.002338409423828125e+00 7.661250829696655273e-01
-5.508702754974365234e+00 -3.000550270080566406e+00 7.668819427490234375e-01
-5.501188755035400391e+00 -2.996918201446533203e+00 7.685041427612304688e-01
-5.481858730316162109e+00 -2.996114730834960938e+00 7.687178850173950195e-01
-5.471864700317382812e+00 -2.996172428131103516e+00 7.686089873313903809e-01
-5.461858272552490234e+00 -2.996228694915771484e+00 7.685006260871887207e-01
-5.572531700134277344e+00 -2.975084304809570312e+00 7.639121413230895996e-01
-5.568161010742187500e+00 -2.963005542755126953e+00 7.606727480888366699e-01
-5.565288066864013672e+00 -2.958369493484497070e+00 7.656065821647644043e-01
-5.565000534057617188e+00 -2.945098638534545898e+00 7.651498317718505859e-01
-5.556982994079589844e+00 -2.920305490493774414e+00 7.607525587081909180e-01
-5.562151908874511719e+00 -2.904367446899414062e+00 7.643963694572448730e-01
-5.558232307434082031e+00 -2.906337976455688477e+00 7.602701187133789062e-01
-5.550924777984619141e+00 -2.888649463653564453e+00 7.624325156211853027e-01
-5.552169322967529297e+00 -2.874741077423095703e+00 7.619521617889404297e-01
-5.553413867950439453e+00 -2.860832929611206055e+00 7.614718079566955566e-01
-5.557517051696777344e+00 -2.848105430603027344e+00 7.601078152656555176e-01
-5.545701980590820312e+00 -2.814543485641479492e+00 7.635707855224609375e-01
-5.526896476745605469e+00 -2.792864799499511719e+00 7.692928314208984375e-01
-5.492414951324462891e+00 -2.792244672775268555e+00 7.611733078956604004e-01
-5.574604988098144531e+00 -2.769849777221679688e+00 7.690663933753967285e-01
-5.560354709625244141e+00 -2.764896392822265625e+00 7.609453201293945312e-01
-5.570886135101318359e+00 -2.756669998168945312e+00 7.692901492118835449e-01
-5.556855201721191406e+00 -2.754794597625732422e+00 7.605813145637512207e-01
-5.475789070129394531e+00 -2.753790140151977539e+00 7.628964781761169434e-01
-5.670940876007080078e+00 -2.745390653610229492e+00 7.607518434524536133e-01
-5.578653335571289062e+00 -2.747998952865600586e+00 7.659257054328918457e-01
-5.497448921203613281e+00 -3.034924507141113281e+00 7.706527709960937500e-01
-5.486626625061035156e+00 -3.035886764526367188e+00 7.701449990272521973e-01
-5.477631092071533203e+00 -3.034076213836669922e+00 7.708967328071594238e-01
-5.510478973388671875e+00 -3.014003753662109375e+00 7.704093456268310547e-01
-5.498762607574462891e+00 -3.009002685546875000e+00 7.726041078567504883e-01
-5.495588779449462891e+00 -2.990524291992187500e+00 7.714222669601440430e-01
-5.557768344879150391e+00 -2.757287263870239258e+00 7.732297778129577637e-01
-5.557481288909912109e+00 -2.744042873382568359e+00 7.727739214897155762e-01
-5.789835929870605469e+00 -2.962813377380371094e+00 7.866854667663574219e-01
-5.796029090881347656e+00 -3.040603399276733398e+00 7.993532419204711914e-01
-5.801443099975585938e+00 -3.026813030242919922e+00 7.956737279891967773e-01
-5.792506694793701172e+00 -3.025007486343383789e+00 7.964101433753967285e-01
-5.801323890686035156e+00 -3.003695964813232422e+00 7.962790727615356445e-01
-5.792545795440673828e+00 -3.001905441284179688e+00 7.970166206359863281e-01
-5.792044162750244141e+00 -2.980732202529907227e+00 7.970649600028991699e-01
-5.783425331115722656e+00 -2.978956699371337891e+00 7.978035807609558105e-01
-5.795001983642578125e+00 -2.962834358215332031e+00 7.959296703338623047e-01
-5.788377285003662109e+00 -2.946025609970092773e+00 7.944560050964355469e-01
-5.779550075531005859e+00 -2.945211172103881836e+00 7.947610616683959961e-01
-5.790214538574218750e+00 -3.055349826812744141e+00 8.028179407119750977e-01
-5.790742874145507812e+00 -3.044278144836425781e+00 8.091481328010559082e-01
-5.791952610015869141e+00 -3.027467250823974609e+00 8.049669265747070312e-01
-5.789456367492675781e+00 -3.010008811950683594e+00 8.029295802116394043e-01
-5.781917572021484375e+00 -3.005388736724853516e+00 8.049004673957824707e-01
-5.776594638824462891e+00 -2.996067047119140625e+00 8.089328408241271973e-01
-5.791454315185546875e+00 -2.983170032501220703e+00 8.053048253059387207e-01
-5.782822132110595703e+00 -2.981393337249755859e+00 8.060372471809387207e-01
-5.789952754974365234e+00 -2.943748950958251953e+00 8.046064376831054688e-01
-5.783377647399902344e+00 -2.938242435455322266e+00 8.070710301399230957e-01
-5.802027225494384766e+00 -3.052087306976318359e+00 8.140267133712768555e-01
-5.793471336364746094e+00 -3.058409214019775391e+00 8.115656971931457520e-01
-5.791049480438232422e+00 -3.044780731201171875e+00 8.178626894950866699e-01
-5.788509845733642578e+00 -3.030652284622192383e+00 8.155314922332763672e-01
-5.792223453521728516e+00 -3.028041124343872070e+00 8.143503665924072266e-01
-5.791401863098144531e+00 -3.006804227828979492e+00 8.138263225555419922e-01
-5.774697780609130859e+00 -3.001337051391601562e+00 8.160874843597412109e-01
-5.790647506713867188e+00 -2.943349123001098633e+00 8.138659000396728516e-01
-5.783631801605224609e+00 -2.938780307769775391e+00 8.158717155456542969e-01
-5.804814338684082031e+00 -2.762827634811401367e+00 8.175253868103027344e-01
-5.802988529205322266e+00 -2.748990297317504883e+00 8.170456290245056152e-01
-5.801445007324218750e+00 -3.030423164367675781e+00 8.230166435241699219e-01
-5.788813591003417969e+00 -3.031149387359619141e+00 8.241534829139709473e-01
-5.792494773864746094e+00 -3.028614997863769531e+00 8.237338066101074219e-01
-5.783139228820800781e+00 -3.027751684188842773e+00 8.240571022033691406e-01
-5.792853355407714844e+00 -3.004317760467529297e+00 8.259813785552978516e-01
-5.775670528411865234e+00 -3.004497766494750977e+00 8.281356692314147949e-01
-5.767217636108398438e+00 -3.004620075225830078e+00 8.284261822700500488e-01
-5.789424896240234375e+00 -2.989935874938964844e+00 8.210512399673461914e-01
-5.782372474670410156e+00 -2.963241100311279297e+00 8.232717514038085938e-01
-5.790463447570800781e+00 -2.944829225540161133e+00 8.222740292549133301e-01
-5.785224437713623047e+00 -2.936499595642089844e+00 8.259289860725402832e-01
-5.789553642272949219e+00 -2.906472444534301758e+00 8.216250538825988770e-01
-5.793704986572265625e+00 -2.887741088867187500e+00 8.215190172195434570e-01
-5.784786224365234375e+00 -2.879081487655639648e+00 8.254601359367370605e-01
-5.788468837738037109e+00 -3.052669525146484375e+00 8.323877453804016113e-01
-5.787487030029296875e+00 -3.043406486511230469e+00 8.366776108741760254e-01
-5.808622360229492188e+00 -3.038297891616821289e+00 8.342872858047485352e-01
-5.758431434631347656e+00 -3.033067703247070312e+00 8.333927392959594727e-01
-5.801857948303222656e+00 -3.022675037384033203e+00 8.362725377082824707e-01
-5.793285846710205078e+00 -3.022799015045166016e+00 8.365671038627624512e-01
-5.782991886138916016e+00 -3.029269695281982422e+00 8.330537080764770508e-01
-5.767024517059326172e+00 -3.006090164184570312e+00 8.364424109458923340e-01
-5.785493850708007812e+00 -2.993610620498657227e+00 8.316209316253662109e-01
-5.779834270477294922e+00 -2.997120857238769531e+00 8.399966955184936523e-01
-5.783509731292724609e+00 -2.961906909942626953e+00 8.330430388450622559e-01
-5.780701637268066406e+00 -2.947647571563720703e+00 8.346025347709655762e-01
-5.784617900848388672e+00 -2.918789863586425781e+00 8.337660431861877441e-01
-5.789802074432373047e+00 -2.906997203826904297e+00 8.302071690559387207e-01
-5.792948246002197266e+00 -2.881305694580078125e+00 8.331423401832580566e-01
-5.785029411315917969e+00 -2.879595279693603516e+00 8.338635563850402832e-01
-5.785736083984375000e+00 -2.755180835723876953e+00 8.364276885986328125e-01
-5.796803951263427734e+00 -3.055268049240112305e+00 8.444206118583679199e-01
-5.788019657135009766e+00 -3.055395126342773438e+00 8.447225093841552734e-01
-5.778464317321777344e+00 -3.057744026184082031e+00 8.486055135726928711e-01
-5.782466888427734375e+00 -3.046918869018554688e+00 8.439589142799377441e-01
-5.783081054687500000e+00 -3.035720586776733398e+00 8.404287099838256836e-01
-5.805230617523193359e+00 -3.024005651473999023e+00 8.448404669761657715e-01
-5.794513225555419922e+00 -3.021326065063476562e+00 8.459588289260864258e-01
-5.774167060852050781e+00 -3.029134750366210938e+00 8.438850045204162598e-01
-5.765392303466796875e+00 -3.022544860839843750e+00 8.473364710807800293e-01
-5.810232162475585938e+00 -3.011146068572998047e+00 8.405354022979736328e-01
-5.801008701324462891e+00 -3.010295152664184570e+00 8.408541083335876465e-01
-5.797568798065185547e+00 -3.019366264343261719e+00 8.466831445693969727e-01
-5.788704395294189453e+00 -3.017565727233886719e+00 8.473839163780212402e-01
-5.790216922760009766e+00 -2.991611003875732422e+00 8.484466671943664551e-01
-5.789482593536376953e+00 -2.995516300201416016e+00 8.489397764205932617e-01
-5.801335334777832031e+00 -2.987049102783203125e+00 8.436962962150573730e-01
-5.792524814605712891e+00 -2.988152980804443359e+00 8.435552120208740234e-01
-5.785168647766113281e+00 -2.980787992477416992e+00 8.435573577880859375e-01
-5.783768653869628906e+00 -2.962453842163085938e+00 8.419894576072692871e-01
-5.782612800598144531e+00 -2.957568883895874023e+00 8.495199680328369141e-01
-5.779304027557373047e+00 -2.952222824096679688e+00 8.462871313095092773e-01
-5.783511161804199219e+00 -2.922137737274169922e+00 8.411918282508850098e-01
-5.785167694091796875e+00 -2.899225473403930664e+00 8.424317836761474609e-01
-5.793191432952880859e+00 -2.881820201873779297e+00 8.415523767471313477e-01
-5.876322269439697266e+00 -2.851916551589965820e+00 8.459472060203552246e-01
-5.874609947204589844e+00 -2.813486337661743164e+00 8.436495065689086914e-01
-5.877379417419433594e+00 -2.782196998596191406e+00 8.481646776199340820e-01
-5.785830020904541016e+00 -3.031244039535522461e+00 8.508319854736328125e-01
-5.778081893920898438e+00 -3.030481100082397461e+00 8.515418171882629395e-01
-5.799073219299316406e+00 -3.017099380493164062e+00 8.571144938468933105e-01
-5.785419464111328125e+00 -3.015711784362792969e+00 8.576920032501220703e-01
-5.775887012481689453e+00 -3.018826246261596680e+00 8.569371700286865234e-01
-5.794678688049316406e+00 -2.994462966918945312e+00 8.577942848205566406e-01
-5.803507804870605469e+00 -2.983596563339233398e+00 8.537045121192932129e-01
-5.774250030517578125e+00 -2.976209640502929688e+00 8.582078218460083008e-01
-5.794841766357421875e+00 -2.834440946578979492e+00 8.545565605163574219e-01
-5.803845405578613281e+00 -2.824022769927978516e+00 8.511404991149902344e-01
-5.887170791625976562e+00 -2.792478084564208984e+00 8.584402203559875488e-01
-5.890864372253417969e+00 -2.784947872161865234e+00 8.581519126892089844e-01
-5.862819671630859375e+00 -2.770233869552612305e+00 8.545941114425659180e-01
-5.856998443603515625e+00 -2.777464866638183594e+00 8.549131155014038086e-01
-5.868640422821044922e+00 -2.763002872467041016e+00 8.542750477790832520e-01
-5.840394020080566406e+00 -2.762872695922851562e+00 8.540598750114440918e-01
-5.846123695373535156e+00 -2.755755186080932617e+00 8.537458777427673340e-01
-5.822300910949707031e+00 -2.751956462860107422e+00 8.589005470275878906e-01
-5.894312381744384766e+00 -2.744800567626953125e+00 8.599638342857360840e-01
-5.851852416992187500e+00 -2.748637914657592773e+00 8.534318804740905762e-01
-5.779344081878662109e+00 -3.038242340087890625e+00 8.649709224700927734e-01
-5.784210205078125000e+00 -3.027357578277587891e+00 8.613451719284057617e-01
-5.795125007629394531e+00 -3.016294717788696289e+00 8.669321537017822266e-01
-5.783319473266601562e+00 -3.016380786895751953e+00 8.660405278205871582e-01
-5.774443149566650391e+00 -3.013753652572631836e+00 8.648536801338195801e-01
-5.771342277526855469e+00 -3.000662326812744141e+00 8.646416664123535156e-01
-5.788195133209228516e+00 -2.998393297195434570e+00 8.644713163375854492e-01
-5.776360511779785156e+00 -2.994341135025024414e+00 8.630876541137695312e-01
-5.785736560821533203e+00 -2.987267017364501953e+00 8.613309264183044434e-01
-5.778664112091064453e+00 -2.976625680923461914e+00 8.663104772567749023e-01
-5.766285896301269531e+00 -2.976804733276367188e+00 8.667359352111816406e-01
-5.799252510070800781e+00 -2.951170921325683594e+00 8.649803400039672852e-01
-5.785333633422851562e+00 -2.945314407348632812e+00 8.633315563201904297e-01
-5.800259113311767578e+00 -2.928153038024902344e+00 8.654604554176330566e-01
-5.788909912109375000e+00 -2.921868324279785156e+00 8.657460212707519531e-01
-5.795069217681884766e+00 -2.899173259735107422e+00 8.600070476531982422e-01
-5.864309310913085938e+00 -2.848026275634765625e+00 8.628309965133666992e-01
-5.882851123809814453e+00 -2.833805561065673828e+00 8.639245033264160156e-01
-5.871015548706054688e+00 -2.830963611602783203e+00 8.622006773948669434e-01
-5.885959625244140625e+00 -2.817584037780761719e+00 8.633569478988647461e-01
-5.872998237609863281e+00 -2.812375545501708984e+00 8.625101447105407715e-01
-5.889068603515625000e+00 -2.801362752914428711e+00 8.627893924713134766e-01
-5.892177581787109375e+00 -2.785141229629516602e+00 8.622217774391174316e-01
-5.864639282226562500e+00 -2.781862258911132812e+00 8.608447313308715820e-01
-5.813597679138183594e+00 -2.788677453994750977e+00 8.676059246063232422e-01
-5.805846214294433594e+00 -2.787962436676025391e+00 8.678737282752990723e-01
-5.798095226287841797e+00 -2.787247180938720703e+00 8.681415915489196777e-01
-5.873070716857910156e+00 -2.771736860275268555e+00 8.607919216156005859e-01
-5.868260860443115234e+00 -2.774480819702148438e+00 8.605620861053466797e-01
-5.899597167968750000e+00 -2.764447450637817383e+00 8.698874711990356445e-01
-5.880194664001464844e+00 -2.760614871978759766e+00 8.603377938270568848e-01
-5.868935108184814453e+00 -2.764236688613891602e+00 8.619601130485534668e-01
-5.901734352111816406e+00 -2.756227016448974609e+00 8.695951700210571289e-01
-5.888256072998046875e+00 -2.751606464385986328e+00 8.602774143218994141e-01
-5.889451980590820312e+00 -3.040912628173828125e+00 8.728161454200744629e-01
-5.803478717803955078e+00 -3.032920360565185547e+00 8.797110319137573242e-01
-5.776488304138183594e+00 -3.036846876144409180e+00 8.742039203643798828e-01
-5.890900611877441406e+00 -3.024732589721679688e+00 8.722573518753051758e-01
-5.795752525329589844e+00 -3.022269248962402344e+00 8.775314092636108398e-01
-5.776546955108642578e+00 -3.027239561080932617e+00 8.749080896377563477e-01
-5.767478942871093750e+00 -3.028348922729492188e+00 8.748090267181396484e-01
-5.786512374877929688e+00 -2.986762523651123047e+00 8.700556755065917969e-01
-5.774984359741210938e+00 -2.983350992202758789e+00 8.725086450576782227e-01
-5.773397922515869141e+00 -2.977890968322753906e+00 8.756423592567443848e-01
-5.765516757965087891e+00 -2.978107929229736328e+00 8.759134411811828613e-01
-5.778352260589599609e+00 -2.967538118362426758e+00 8.720880150794982910e-01
-5.807486057281494141e+00 -2.954414844512939453e+00 8.727693557739257812e-01
-5.799508094787597656e+00 -2.951712369918823242e+00 8.738339543342590332e-01
-5.782092094421386719e+00 -2.944852828979492188e+00 8.719291090965270996e-01
-5.795941352844238281e+00 -2.939586162567138672e+00 8.786907196044921875e-01
-5.781415462493896484e+00 -2.929755687713623047e+00 8.705678582191467285e-01
-5.806211948394775391e+00 -2.916436195373535156e+00 8.791790008544921875e-01
-5.797497272491455078e+00 -2.915380001068115234e+00 8.751681447029113770e-01
-5.816173076629638672e+00 -2.836847543716430664e+00 8.785476684570312500e-01
-5.902385234832763672e+00 -2.775965452194213867e+00 8.714768290519714355e-01
-5.830438137054443359e+00 -2.779800415039062500e+00 8.716668486595153809e-01
-5.909062862396240234e+00 -2.769141435623168945e+00 8.711483478546142578e-01
-5.837006092071533203e+00 -2.763089418411254883e+00 8.710495233535766602e-01
-5.873451232910156250e+00 -2.750447750091552734e+00 8.734607696533203125e-01
-5.876333236694335938e+00 -2.744330167770385742e+00 8.741396665573120117e-01
-5.785764217376708984e+00 -3.052520751953125000e+00 8.821282982826232910e-01
-5.776269435882568359e+00 -3.051644563674926758e+00 8.824563622474670410e-01
-5.822724342346191406e+00 -3.041524171829223633e+00 8.893113136291503906e-01
-5.817767143249511719e+00 -3.046607971191406250e+00 8.842742443084716797e-01
-5.808332443237304688e+00 -3.045737266540527344e+00 8.846002221107482910e-01
-5.803750038146972656e+00 -3.033494472503662109e+00 8.890944719314575195e-01
-5.891890048980712891e+00 -3.024260997772216797e+00 8.884813785552978516e-01
-5.795026302337646484e+00 -3.025082826614379883e+00 8.868424892425537109e-01
-5.781746387481689453e+00 -3.027404308319091797e+00 8.864656090736389160e-01
-5.773540973663330078e+00 -3.027630090713500977e+00 8.867478370666503906e-01
-5.796072959899902344e+00 -2.965027332305908203e+00 8.884227871894836426e-01
-5.788794994354248047e+00 -2.964251041412353516e+00 8.891097903251647949e-01
-5.796194553375244141e+00 -2.940122604370117188e+00 8.874650001525878906e-01
-5.782736778259277344e+00 -2.944971561431884766e+00 8.822860717773437500e-01
-5.797870635986328125e+00 -2.916170358657836914e+00 8.880910873413085938e-01
-5.796446323394775391e+00 -2.885174274444580078e+00 8.823799490928649902e-01
-5.823252201080322266e+00 -2.804662942886352539e+00 8.845391869544982910e-01
-5.824735641479492188e+00 -2.792574882507324219e+00 8.819034099578857422e-01
-5.813088417053222656e+00 -2.791500329971313477e+00 8.823058605194091797e-01
-5.867032051086425781e+00 -2.782461166381835938e+00 8.850789070129394531e-01
-5.870656490325927734e+00 -2.775073766708374023e+00 8.847960829734802246e-01
-5.844217777252197266e+00 -2.765743732452392578e+00 8.883804678916931152e-01
-5.883830070495605469e+00 -2.752412796020507812e+00 8.841246962547302246e-01
-5.876951217651367188e+00 -2.758283853530883789e+00 8.844352364540100098e-01
-5.849531173706054688e+00 -2.754912614822387695e+00 8.879657983779907227e-01
-5.894553661346435547e+00 -2.743915557861328125e+00 8.849790692329406738e-01
-5.878469944000244141e+00 -2.746912002563476562e+00 8.836343884468078613e-01
-5.818431854248046875e+00 -3.046237230300903320e+00 8.940783739089965820e-01
-5.809003353118896484e+00 -3.045367240905761719e+00 8.944041728973388672e-01
-5.799575328826904297e+00 -3.044497489929199219e+00 8.947299718856811523e-01
-5.789736270904541016e+00 -3.044575214385986328e+00 8.947151303291320801e-01
-5.824204921722412109e+00 -3.018984317779541016e+00 8.982490301132202148e-01
-5.788333892822265625e+00 -2.997423171997070312e+00 8.907337188720703125e-01
-5.777102470397949219e+00 -2.972841739654541016e+00 8.938620090484619141e-01
-5.769261837005615234e+00 -2.973057270050048828e+00 8.941317200660705566e-01
-5.803644180297851562e+00 -2.966248512268066406e+00 8.955294489860534668e-01
-5.795843124389648438e+00 -2.966463088989257812e+00 8.957977890968322754e-01
-5.785567283630371094e+00 -2.963589429855346680e+00 8.935561180114746094e-01
-5.774808883666992188e+00 -2.961706161499023438e+00 8.909008502960205078e-01
-5.815218925476074219e+00 -2.939439296722412109e+00 8.967341780662536621e-01
-5.789693355560302734e+00 -2.931997060775756836e+00 8.936879634857177734e-01
-5.799297809600830078e+00 -2.880697727203369141e+00 8.921455740928649902e-01
-5.818157672882080078e+00 -2.853183984756469727e+00 8.966441154479980469e-01
-5.826058864593505859e+00 -2.835759639739990234e+00 8.956362605094909668e-01
-5.825126171112060547e+00 -2.819497108459472656e+00 8.943305015563964844e-01
-5.823241233825683594e+00 -2.806563377380371094e+00 8.998682498931884766e-01
-5.895235538482666016e+00 -2.783669948577880859e+00 8.994620442390441895e-01
-5.831861972808837891e+00 -2.788256406784057617e+00 8.998134732246398926e-01
-5.901185512542724609e+00 -2.776279211044311523e+00 8.991359472274780273e-01
-5.884407043457031250e+00 -2.752610445022583008e+00 8.931573033332824707e-01
-5.877527236938476562e+00 -2.758481502532958984e+00 8.934678435325622559e-01
-5.894725799560546875e+00 -2.743803739547729492e+00 8.926913738250732422e-01
-5.879071235656738281e+00 -2.746897459030151367e+00 8.925411105155944824e-01
-5.866778373718261719e+00 -2.745772838592529297e+00 8.976894617080688477e-01
-5.810601234436035156e+00 -3.031430482864379883e+00 9.026327133178710938e-01
-5.824504375457763672e+00 -3.019475460052490234e+00 9.067650437355041504e-01
-5.802319526672363281e+00 -3.011469364166259766e+00 9.021275639533996582e-01
-5.793846607208251953e+00 -3.011591911315917969e+00 9.024187326431274414e-01
-5.791546821594238281e+00 -2.998897790908813477e+00 9.075782299041748047e-01
-5.803419113159179688e+00 -2.967929363250732422e+00 9.039976000785827637e-01
-5.796123027801513672e+00 -2.966908454895019531e+00 9.035920500755310059e-01
-5.788322448730468750e+00 -2.967123031616210938e+00 9.038603305816650391e-01
-5.824891090393066406e+00 -2.929032802581787109e+00 9.096578955650329590e-01
-5.811666488647460938e+00 -2.927305459976196289e+00 9.014312624931335449e-01
-5.823521614074707031e+00 -2.823742389678955078e+00 9.006962180137634277e-01
-5.896862506866455078e+00 -2.774325132369995117e+00 9.059559106826782227e-01
-5.884983539581298828e+00 -2.752808094024658203e+00 9.021899104118347168e-01
-5.895302295684814453e+00 -2.744001388549804688e+00 9.017239809036254883e-01
-5.865872383117675781e+00 -2.744656085968017578e+00 9.075890183448791504e-01
-5.845325946807861328e+00 -3.031427145004272461e+00 9.100451469421386719e-01
-5.836720466613769531e+00 -3.031551837921142578e+00 9.103409051895141602e-01
-5.828266143798828125e+00 -3.031924724578857422e+00 9.149343967437744141e-01
-5.811917781829833984e+00 -2.927835941314697266e+00 9.101061820983886719e-01
-5.803706169128417969e+00 -2.926094055175781250e+00 9.107644557952880859e-01
-5.815789699554443359e+00 -2.912758111953735352e+00 9.130053520202636719e-01
-5.809211730957031250e+00 -2.910408973693847656e+00 9.142582416534423828e-01
-5.801913738250732422e+00 -2.909536838531494141e+00 9.149230718612670898e-01
-5.829687118530273438e+00 -2.830158710479736328e+00 9.144659042358398438e-01
-5.865720272064208984e+00 -2.744171619415283203e+00 9.171279668807983398e-01
-5.815231323242187500e+00 -3.053455829620361328e+00 9.206410646438598633e-01
-5.836739063262939453e+00 -2.853861331939697266e+00 9.299176931381225586e-01
-5.870630264282226562e+00 -2.749812602996826172e+00 9.211831688880920410e-01
-5.848456859588623047e+00 -2.801342010498046875e+00 9.334821105003356934e-01
-5.873081207275390625e+00 -2.766146421432495117e+00 9.370830655097961426e-01
-5.874502182006835938e+00 -2.750263214111328125e+00 9.365344643592834473e-01
-5.833722591400146484e+00 -2.843233585357666016e+00 9.423154592514038086e-01
-5.842844009399414062e+00 -2.813971281051635742e+00 9.427360892295837402e-01
-5.845168113708496094e+00 -2.801800966262817383e+00 9.406692981719970703e-01
-5.853849887847900391e+00 -2.780753612518310547e+00 9.425648450851440430e-01
-5.859451770782470703e+00 -2.767010211944580078e+00 9.484067559242248535e-01
-5.863496780395507812e+00 -2.778157949447631836e+00 9.514587521553039551e-01
