-5.785921096801757812e+00 -2.667193174362182617e+00 7.460878491401672363e-01
-5.716489791870117188e+00 -2.664978504180908203e+00 7.453893423080444336e-01
-5.679625034332275391e+00 -2.667928934097290039e+00 7.438064217567443848e-01
-5.713770866394042969e+00 -2.646714210510253906e+00 7.469415664672851562e-01
-5.704117774963378906e+00 -2.640581130981445312e+00 7.455871105194091797e-01
-5.675231933593750000e+00 -2.648936033248901367e+00 7.451185584068298340e-01
-5.666615962982177734e+00 -2.640024900436401367e+00 7.460159063339233398e-01
-5.701803207397460938e+00 -2.631703376770019531e+00 7.494959235191345215e-01
-5.671956062316894531e+00 -2.633971929550170898e+00 7.455365061759948730e-01
-5.771498680114746094e+00 -2.623974084854125977e+00 7.463660240173339844e-01
-5.711966037750244141e+00 -2.624707460403442383e+00 7.479817271232604980e-01
-5.703223705291748047e+00 -2.628554821014404297e+00 7.474046945571899414e-01
-5.769682407379150391e+00 -2.610208988189697266e+00 7.458888292312622070e-01
-5.703848838806152344e+00 -2.614774227142333984e+00 7.491658926010131836e-01
-5.699418544769287109e+00 -2.615264892578125000e+00 7.450543045997619629e-01
-5.671652317047119141e+00 -2.619945049285888672e+00 7.450537085533142090e-01
-5.737023830413818359e+00 -2.602782249450683594e+00 7.439768314361572266e-01
-5.716732978820800781e+00 -2.609712839126586914e+00 7.474408149719238281e-01
-5.706131935119628906e+00 -2.601501941680908203e+00 7.451006174087524414e-01
-5.698163509368896484e+00 -2.608220100402832031e+00 7.486775517463684082e-01
-5.667829990386962891e+00 -2.608913183212280273e+00 7.480022907257080078e-01
-5.765805244445800781e+00 -2.595854759216308594e+00 7.460188865661621094e-01
-5.734507083892822266e+00 -2.595666646957397461e+00 7.444046139717102051e-01
-5.696343898773193359e+00 -2.596478462219238281e+00 7.482684254646301270e-01
-5.685431480407714844e+00 -2.599845170974731445e+00 7.445827126502990723e-01
-5.664990425109863281e+00 -2.596989631652832031e+00 7.479596734046936035e-01
-5.760901927947998047e+00 -2.581238746643066406e+00 7.464538812637329102e-01
-5.731861114501953125e+00 -2.584335327148437500e+00 7.451635599136352539e-01
-5.704032897949218750e+00 -2.587213993072509766e+00 7.463431954383850098e-01
-5.666163444519042969e+00 -2.581488847732543945e+00 7.495077848434448242e-01
-5.729137420654296875e+00 -2.576032876968383789e+00 7.444072961807250977e-01
-5.656013965606689453e+00 -2.644391536712646484e+00 7.540048360824584961e-01
-5.706168651580810547e+00 -2.630881071090698242e+00 7.538731694221496582e-01
-5.661346435546875000e+00 -2.634116649627685547e+00 7.559071779251098633e-01
-5.702952384948730469e+00 -2.627561569213867188e+00 7.577552199363708496e-01
-5.657146453857421875e+00 -2.627830982208251953e+00 7.548830509185791016e-01
-5.729257106781005859e+00 -2.618676662445068359e+00 7.504986524581909180e-01
-5.685263156890869141e+00 -2.614571809768676758e+00 7.540258169174194336e-01
-5.662642478942871094e+00 -2.619633913040161133e+00 7.554069757461547852e-01
-5.658045768737792969e+00 -2.616148233413696289e+00 7.523557543754577637e-01
-5.750318050384521484e+00 -2.602684974670410156e+00 7.539004087448120117e-01
-5.727407455444335938e+00 -2.606745004653930664e+00 7.500829100608825684e-01
-5.671638488769531250e+00 -2.607796430587768555e+00 7.512184977531433105e-01
-5.748445510864257812e+00 -2.590602636337280273e+00 7.534793615341186523e-01
-5.783268928527832031e+00 -2.586705923080444336e+00 7.540445327758789062e-01
-5.745525836944580078e+00 -2.578168392181396484e+00 7.533991336822509766e-01
