-5.690659999847412109e+00 -3.583574533462524414e+00 9.766599535942077637e-01
-5.706784248352050781e+00 -3.584341764450073242e+00 9.756142497062683105e-01
-5.716288089752197266e+00 -3.413697957992553711e+00 1.002953410148620605e+00
-5.717678070068359375e+00 -3.438476562500000000e+00 1.008931040763854980e+00
-5.706785202026367188e+00 -3.486813068389892578e+00 1.003918409347534180e+00
-5.697618484497070312e+00 -3.525643587112426758e+00 9.750654101371765137e-01
-5.692300319671630859e+00 -3.555675029754638672e+00 9.718490242958068848e-01
-5.693222045898437500e+00 -3.541737318038940430e+00 1.008820652961730957e+00
-5.716085433959960938e+00 -3.412057161331176758e+00 1.034762263298034668e+00
-5.696742534637451172e+00 -3.518867254257202148e+00 1.008026242256164551e+00
-5.716002464294433594e+00 -3.575868368148803711e+00 8.319180607795715332e-01
-5.741971015930175781e+00 -3.579565048217773438e+00 8.284770846366882324e-01
-5.742535591125488281e+00 -3.619250774383544922e+00 8.229252099990844727e-01
-5.718657493591308594e+00 -3.397665739059448242e+00 8.857957720756530762e-01
-5.732790946960449219e+00 -3.400555133819580078e+00 8.863031268119812012e-01
-5.726511955261230469e+00 -3.437133789062500000e+00 8.851236104965209961e-01
-5.719152927398681641e+00 -3.471334695816040039e+00 8.599806427955627441e-01
-5.694930076599121094e+00 -3.562220811843872070e+00 8.363111615180969238e-01
-5.678048133850097656e+00 -3.625355958938598633e+00 8.231846690177917480e-01
-5.694467544555664062e+00 -3.586021184921264648e+00 8.306682109832763672e-01
-5.741170406341552734e+00 -3.569640874862670898e+00 8.195548653602600098e-01
-5.731353759765625000e+00 -3.399329900741577148e+00 8.673915863037109375e-01
-5.715773105621337891e+00 -3.396962404251098633e+00 8.631524443626403809e-01
-5.723753452301025391e+00 -3.438391923904418945e+00 8.626900315284729004e-01
-5.741068840026855469e+00 -3.612451553344726562e+00 8.040543794631958008e-01
-5.688693523406982422e+00 -3.573839664459228516e+00 1.064692616462707520e+00
-5.698646545410156250e+00 -3.484395742416381836e+00 1.084045886993408203e+00
-5.684369564056396484e+00 -3.527050495147705078e+00 1.063425779342651367e+00
-5.682631969451904297e+00 -3.554230690002441406e+00 1.064125061035156250e+00
-5.717358589172363281e+00 -3.432397603988647461e+00 1.125757813453674316e+00
-5.712677478790283203e+00 -3.438712120056152344e+00 1.098524689674377441e+00
-5.709896087646484375e+00 -3.466960191726684570e+00 1.095932602882385254e+00
-5.686968803405761719e+00 -3.554689168930053711e+00 1.095000267028808594e+00
-5.687373161315917969e+00 -3.577818393707275391e+00 1.093936085700988770e+00
-5.709884643554687500e+00 -3.418400287628173828e+00 1.117141246795654297e+00
-5.702352046966552734e+00 -3.551278352737426758e+00 8.579741120338439941e-01
-5.683247089385986328e+00 -3.640925168991088867e+00 8.336663842201232910e-01
-5.721436023712158203e+00 -3.588737726211547852e+00 8.540310263633728027e-01
-5.742357730865478516e+00 -3.584931612014770508e+00 8.536007404327392578e-01
-5.715822219848632812e+00 -3.409754514694213867e+00 9.145718216896057129e-01
-5.731928825378417969e+00 -3.409284114837646484e+00 9.156011343002319336e-01
-5.711945533752441406e+00 -3.491036653518676758e+00 8.745322227478027344e-01
-5.703657627105712891e+00 -3.521083354949951172e+00 8.593181371688842773e-01
-5.696527957916259766e+00 -3.553835868835449219e+00 8.530548214912414551e-01
-5.711926460266113281e+00 -3.415415763854980469e+00 1.096070170402526855e+00
-5.703716754913330078e+00 -3.488400936126708984e+00 1.087178945541381836e+00
-5.696322917938232422e+00 -3.525148391723632812e+00 8.518812060356140137e-01
-5.698181152343750000e+00 -3.502985477447509766e+00 9.827592372894287109e-01
-5.704686641693115234e+00 -3.597089290618896484e+00 9.549322128295898438e-01
-5.681872844696044922e+00 -3.579771757125854492e+00 1.126383543014526367e+00
-5.715416431427001953e+00 -3.433393001556396484e+00 1.150519609451293945e+00
-5.730723857879638672e+00 -3.416411161422729492e+00 9.814510345458984375e-01
-5.715529918670654297e+00 -3.464684963226318359e+00 9.706274271011352539e-01
-5.697849273681640625e+00 -3.529010772705078125e+00 9.474420547485351562e-01
-5.702008724212646484e+00 -3.530316352844238281e+00 9.446910619735717773e-01
-5.718990325927734375e+00 -3.408148288726806641e+00 9.752957224845886230e-01
-5.730638980865478516e+00 -3.415122270584106445e+00 9.981201291084289551e-01
-5.708642482757568359e+00 -3.486087799072265625e+00 9.761421084403991699e-01
-5.694920063018798828e+00 -3.562749862670898438e+00 9.469659328460693359e-01
-5.694165229797363281e+00 -3.587306499481201172e+00 9.478453993797302246e-01
-5.694368839263916016e+00 -3.604018688201904297e+00 9.422205686569213867e-01
-5.705847740173339844e+00 -3.601251602172851562e+00 9.422599077224731445e-01
-5.703444480895996094e+00 -3.499774694442749023e+00 1.123111605644226074e+00
-5.686673641204833984e+00 -3.547289609909057617e+00 1.120812535285949707e+00
-5.726082324981689453e+00 -3.436635255813598633e+00 9.453637599945068359e-01
-5.732551097869873047e+00 -3.441727399826049805e+00 9.404135346412658691e-01
-5.694952487945556641e+00 -3.555927515029907227e+00 9.205080866813659668e-01
-5.683846950531005859e+00 -3.621623754501342773e+00 8.843560814857482910e-01
-5.684635162353515625e+00 -3.639683008193969727e+00 8.875544667243957520e-01
-5.717838764190673828e+00 -3.410019636154174805e+00 9.445394873619079590e-01
-5.689610958099365234e+00 -3.587718248367309570e+00 8.933855295181274414e-01
-5.731861114501953125e+00 -3.453233242034912109e+00 9.129282236099243164e-01
-5.695651054382324219e+00 -3.500770568847656250e+00 1.023966789245605469e+00
-5.701717853546142578e+00 -3.514916896820068359e+00 1.010428428649902344e+00
-5.703728199005126953e+00 -3.583262681961059570e+00 1.004771351814270020e+00
-5.711766719818115234e+00 -3.443647384643554688e+00 1.031564116477966309e+00
-5.703894615173339844e+00 -3.465475559234619141e+00 1.035097956657409668e+00
-5.702034950256347656e+00 -3.512878656387329102e+00 1.027890920639038086e+00
-5.689468383789062500e+00 -3.583015441894531250e+00 1.005197405815124512e+00
-5.727632522583007812e+00 -3.433989048004150391e+00 9.163705110549926758e-01
-5.732419490814208984e+00 -3.434152364730834961e+00 9.164655208587646484e-01
-5.731784343719482422e+00 -3.440246582031250000e+00 8.945616483688354492e-01
-5.707024097442626953e+00 -3.520743846893310547e+00 8.803979754447937012e-01
-5.725491523742675781e+00 -3.468844175338745117e+00 9.135384559631347656e-01
-5.702935695648193359e+00 -3.552118062973022461e+00 8.823204040527343750e-01
-5.685455322265625000e+00 -3.613735437393188477e+00 8.589874505996704102e-01
-5.684849262237548828e+00 -3.581261157989501953e+00 1.033875107765197754e+00
-5.711426734924316406e+00 -3.414906978607177734e+00 1.061837553977966309e+00
-5.707580089569091797e+00 -3.433223962783813477e+00 1.064638972282409668e+00
-5.702517986297607422e+00 -3.461157083511352539e+00 1.065504431724548340e+00
-5.679327487945556641e+00 -3.552529096603393555e+00 1.037103772163391113e+00
-5.668457031250000000e+00 -3.586153268814086914e+00 1.031316161155700684e+00
-5.701608657836914062e+00 -3.582446336746215820e+00 1.023534178733825684e+00
-5.699976444244384766e+00 -3.457130432128906250e+00 1.049903750419616699e+00
-5.734591484069824219e+00 -3.588573694229125977e+00 8.775624632835388184e-01
-5.731068134307861328e+00 -3.416710615158081055e+00 9.339740276336669922e-01
-5.697986602783203125e+00 -3.467172622680664062e+00 1.063494324684143066e+00
-5.595539093017578125e+00 -3.356589317321777344e+00 7.925430536270141602e-01
-5.665307044982910156e+00 -3.266102075576782227e+00 8.474805355072021484e-01
-5.564356803894042969e+00 -3.368921518325805664e+00 8.246837258338928223e-01
-5.592097282409667969e+00 -3.365235090255737305e+00 8.118736743927001953e-01
-5.604716300964355469e+00 -3.352017641067504883e+00 9.435147047042846680e-01
-5.547773838043212891e+00 -3.378599166870117188e+00 8.465932607650756836e-01
-5.561264514923095703e+00 -3.376470088958740234e+00 8.476498126983642578e-01
-5.581329822540283203e+00 -3.361374139785766602e+00 8.520210385322570801e-01
-5.597702026367187500e+00 -3.348470211029052734e+00 8.550863265991210938e-01
-5.675264835357666016e+00 -3.484488487243652344e+00 1.210612058639526367e+00
-5.659422874450683594e+00 -3.289653062820434570e+00 8.586106300354003906e-01
-5.702551841735839844e+00 -3.632998943328857422e+00 8.583561182022094727e-01
-5.620031356811523438e+00 -3.345793962478637695e+00 8.554973602294921875e-01
-5.543754577636718750e+00 -3.379977226257324219e+00 8.231284618377685547e-01
-5.700395107269287109e+00 -3.552527666091918945e+00 1.140044927597045898e+00
-5.731732368469238281e+00 -3.381438493728637695e+00 8.748125433921813965e-01
-5.702283382415771484e+00 -3.574822425842285156e+00 1.061330556869506836e+00
-5.576679229736328125e+00 -3.359136343002319336e+00 9.036989808082580566e-01
-5.579748630523681641e+00 -3.398607969284057617e+00 1.171120047569274902e+00
-5.731738090515136719e+00 -3.405470132827758789e+00 1.119597554206848145e+00
-5.611799240112304688e+00 -3.362947463989257812e+00 1.072715997695922852e+00
-5.611713886260986328e+00 -3.362849473953247070e+00 1.047719717025756836e+00
-5.714462280273437500e+00 -3.471994638442993164e+00 1.117970108985900879e+00
-5.700901031494140625e+00 -3.388498306274414062e+00 1.023549556732177734e+00
-5.703496456146240234e+00 -3.558877944946289062e+00 1.070584177970886230e+00
-5.629150390625000000e+00 -3.321656942367553711e+00 8.036922812461853027e-01
-5.761614322662353516e+00 -3.592217683792114258e+00 8.357246518135070801e-01
-5.658473491668701172e+00 -3.430668592453002930e+00 1.230095744132995605e+00
-5.564098358154296875e+00 -3.392511367797851562e+00 1.128819346427917480e+00
-5.573140144348144531e+00 -3.388265132904052734e+00 1.121369838714599609e+00
-5.589763164520263672e+00 -3.382152318954467773e+00 1.123768568038940430e+00
-5.702100753784179688e+00 -3.563380002975463867e+00 9.413915276527404785e-01
-5.707826614379882812e+00 -3.585726976394653320e+00 9.270145297050476074e-01
-5.606441497802734375e+00 -3.346819400787353516e+00 9.972234368324279785e-01
-5.599515438079833984e+00 -3.347802400588989258e+00 8.269572257995605469e-01
-5.731925487518310547e+00 -3.467399597167968750e+00 9.445193409919738770e-01
-5.624920845031738281e+00 -3.352816104888916016e+00 8.847085237503051758e-01
-5.589341640472412109e+00 -3.384025096893310547e+00 1.066201090812683105e+00
-5.625926494598388672e+00 -3.348111867904663086e+00 1.065142154693603516e+00
-5.599800586700439453e+00 -3.355967044830322266e+00 9.144253730773925781e-01
-5.621378898620605469e+00 -3.356798648834228516e+00 9.125703573226928711e-01
-5.636839866638183594e+00 -3.361268997192382812e+00 8.965313434600830078e-01
-5.659698963165283203e+00 -3.344517469406127930e+00 9.071362614631652832e-01
-5.680663585662841797e+00 -3.345173835754394531e+00 8.896621465682983398e-01
-5.731490612030029297e+00 -3.436989307403564453e+00 9.661048650741577148e-01
-5.696260929107666016e+00 -3.501203536987304688e+00 1.016297936439514160e+00
-5.689819335937500000e+00 -3.616226911544799805e+00 9.147085547447204590e-01
-5.706410884857177734e+00 -3.615665674209594727e+00 9.141014814376831055e-01
-5.761070251464843750e+00 -3.590057134628295898e+00 8.430323600769042969e-01
-5.731072902679443359e+00 -3.430502891540527344e+00 1.127838611602783203e+00
-5.642131805419921875e+00 -3.335397958755493164e+00 8.625461459159851074e-01
-5.701529502868652344e+00 -3.321140289306640625e+00 8.782939314842224121e-01
-5.701949119567871094e+00 -3.343560218811035156e+00 8.617276549339294434e-01
-5.608764648437500000e+00 -3.357191085815429688e+00 1.059862375259399414e+00
-5.649326801300048828e+00 -3.313290834426879883e+00 8.614773154258728027e-01
-5.575364589691162109e+00 -3.359110593795776367e+00 7.863945364952087402e-01
-5.611698627471923828e+00 -3.353257179260253906e+00 7.980358004570007324e-01
-5.701174736022949219e+00 -3.382776498794555664e+00 1.008538484573364258e+00
-5.607625961303710938e+00 -3.356499910354614258e+00 1.134640693664550781e+00
-5.697109699249267578e+00 -3.535073757171630859e+00 1.084368824958801270e+00
-5.702630996704101562e+00 -3.530092239379882812e+00 1.084142088890075684e+00
-5.553026199340820312e+00 -3.397273540496826172e+00 8.963626623153686523e-01
-5.704732894897460938e+00 -3.491143226623535156e+00 1.072471499443054199e+00
-5.672255992889404297e+00 -3.358681917190551758e+00 1.102878212928771973e+00
-5.562579631805419922e+00 -3.391044378280639648e+00 1.100043654441833496e+00
-5.633702754974365234e+00 -3.380180597305297852e+00 1.206062912940979004e+00
-5.676236152648925781e+00 -3.416654109954833984e+00 1.211290717124938965e+00
-5.603226661682128906e+00 -3.372205257415771484e+00 1.177463769912719727e+00
-5.723286628723144531e+00 -3.436496496200561523e+00 9.668104648590087891e-01
-5.692766666412353516e+00 -3.585217952728271484e+00 9.241520762443542480e-01
-5.712835311889648438e+00 -3.611649274826049805e+00 8.877413272857666016e-01
-5.725279808044433594e+00 -3.592349290847778320e+00 8.781911730766296387e-01
-5.689095497131347656e+00 -3.312804460525512695e+00 8.606821298599243164e-01
-5.681882858276367188e+00 -3.285347223281860352e+00 8.624945878982543945e-01
-5.689406871795654297e+00 -3.373646259307861328e+00 8.586720228195190430e-01
-5.666202068328857422e+00 -3.314101219177246094e+00 8.865426778793334961e-01
-5.702508926391601562e+00 -3.432258129119873047e+00 1.173807144165039062e+00
-5.701622009277343750e+00 -3.451303482055664062e+00 1.173771381378173828e+00
-5.682455062866210938e+00 -3.505316734313964844e+00 1.165806770324707031e+00
-5.697676181793212891e+00 -3.558771133422851562e+00 8.867029547691345215e-01
-5.674166202545166016e+00 -3.535396337509155273e+00 1.159821629524230957e+00
-5.668197631835937500e+00 -3.558892726898193359e+00 1.162972688674926758e+00
-5.675839424133300781e+00 -3.552267313003540039e+00 1.153869986534118652e+00
-5.657708644866943359e+00 -3.381286621093750000e+00 1.182220220565795898e+00
-5.708345890045166016e+00 -3.375981092453002930e+00 8.644573092460632324e-01
-5.690157890319824219e+00 -3.422006607055664062e+00 1.064772725105285645e+00
-5.688681602478027344e+00 -3.518751144409179688e+00 1.033949613571166992e+00
-5.687164306640625000e+00 -3.376188755035400391e+00 8.864161372184753418e-01
-5.712808609008789062e+00 -3.380405426025390625e+00 8.781186938285827637e-01
-5.684889316558837891e+00 -3.313787937164306641e+00 8.829797506332397461e-01
-5.685228347778320312e+00 -3.430375099182128906e+00 1.183915972709655762e+00
-5.679084300994873047e+00 -3.501673698425292969e+00 1.176733493804931641e+00
-5.676643848419189453e+00 -3.533761739730834961e+00 1.190108776092529297e+00
-5.661911487579345703e+00 -3.407786130905151367e+00 1.189108967781066895e+00
-5.684265613555908203e+00 -3.398860454559326172e+00 1.066762208938598633e+00
-5.645870208740234375e+00 -3.355977773666381836e+00 9.535862803459167480e-01
-5.661230564117431641e+00 -3.347355842590332031e+00 8.955718278884887695e-01
-5.701275825500488281e+00 -3.557399749755859375e+00 9.072152376174926758e-01
-5.669740200042724609e+00 -3.503692388534545898e+00 1.185450434684753418e+00
-5.666603088378906250e+00 -3.502929925918579102e+00 1.212354540824890137e+00
-5.713754177093505859e+00 -3.483928918838500977e+00 9.571326375007629395e-01
-5.727462768554687500e+00 -3.463694810867309570e+00 8.907232284545898438e-01
-5.701680183410644531e+00 -3.559314966201782227e+00 1.092178463935852051e+00
-5.632814407348632812e+00 -3.361589670181274414e+00 8.597068190574645996e-01
-5.732640743255615234e+00 -3.601684570312500000e+00 8.738467693328857422e-01
-5.701509475708007812e+00 -3.349974870681762695e+00 9.015365839004516602e-01
-5.550888061523437500e+00 -3.393858432769775391e+00 8.548721075057983398e-01
-5.701523780822753906e+00 -3.553070783615112305e+00 1.117051601409912109e+00
-5.731320381164550781e+00 -3.388082981109619141e+00 8.692235946655273438e-01
-5.703349113464355469e+00 -3.543371677398681641e+00 9.943245053291320801e-01
-5.730637073516845703e+00 -3.421102285385131836e+00 1.027249693870544434e+00
-5.576022624969482422e+00 -3.357531547546386719e+00 8.175026774406433105e-01
-5.705015659332275391e+00 -3.631681442260742188e+00 9.056428074836730957e-01
-5.732134819030761719e+00 -3.416298866271972656e+00 1.096827983856201172e+00
-5.655447006225585938e+00 -3.356035232543945312e+00 1.036094188690185547e+00
-5.663651943206787109e+00 -3.370306968688964844e+00 1.034348845481872559e+00
-5.680796623229980469e+00 -3.381084442138671875e+00 1.034614920616149902e+00
-5.689799308776855469e+00 -3.412092685699462891e+00 1.034609794616699219e+00
-5.732007980346679688e+00 -3.412020921707153320e+00 1.024679303169250488e+00
-5.701431751251220703e+00 -3.531250238418579102e+00 9.740480780601501465e-01
-5.649137496948242188e+00 -3.357189416885375977e+00 1.010137796401977539e+00
-5.702915191650390625e+00 -3.414391994476318359e+00 1.143107295036315918e+00
-5.662790298461914062e+00 -3.369982719421386719e+00 1.155099034309387207e+00
-5.673435688018798828e+00 -3.379009962081909180e+00 1.152022719383239746e+00
-5.682621479034423828e+00 -3.405138254165649414e+00 1.154257655143737793e+00
-5.695130825042724609e+00 -3.426982641220092773e+00 1.159219741821289062e+00
-5.659523963928222656e+00 -3.354932069778442383e+00 1.067445874214172363e+00
-5.665649414062500000e+00 -3.369160890579223633e+00 1.062519788742065430e+00
-5.658463478088378906e+00 -3.369326353073120117e+00 1.004539012908935547e+00
-5.683224678039550781e+00 -3.380947351455688477e+00 1.004647254943847656e+00
-5.694055557250976562e+00 -3.407484054565429688e+00 1.007142186164855957e+00
-5.677977561950683594e+00 -3.379497528076171875e+00 1.063935279846191406e+00
-5.692338466644287109e+00 -3.421206235885620117e+00 1.044768214225769043e+00
-5.702021121978759766e+00 -3.496249437332153320e+00 1.027039527893066406e+00
-5.685976505279541016e+00 -3.377561569213867188e+00 9.146811366081237793e-01
-5.698209285736083984e+00 -3.391430616378784180e+00 9.215510487556457520e-01
-5.702435016632080078e+00 -3.388855218887329102e+00 9.093450307846069336e-01
-5.714935302734375000e+00 -3.605066776275634766e+00 8.492740392684936523e-01
-5.637868881225585938e+00 -3.367428541183471680e+00 9.238095283508300781e-01
-5.656260013580322266e+00 -3.369109153747558594e+00 9.173786044120788574e-01
-5.708318233489990234e+00 -3.612786054611206055e+00 8.375847935676574707e-01
-5.696023941040039062e+00 -3.405702590942382812e+00 9.784864783287048340e-01
-5.687847614288330078e+00 -3.426133871078491211e+00 1.012802004814147949e+00
-5.738650798797607422e+00 -3.647506475448608398e+00 8.200306892395019531e-01
-5.740134716033935547e+00 -3.605082273483276367e+00 8.410513997077941895e-01
-5.654849052429199219e+00 -3.374589204788208008e+00 9.445196390151977539e-01
-5.676053047180175781e+00 -3.412230491638183594e+00 1.178160667419433594e+00
-5.656907558441162109e+00 -3.369392395019531250e+00 9.754861593246459961e-01
-5.684505939483642578e+00 -3.380825042724609375e+00 9.744337797164916992e-01
-5.684355735778808594e+00 -3.379208564758300781e+00 9.445338249206542969e-01
-5.695939540863037109e+00 -3.400455713272094727e+00 9.462233781814575195e-01
-5.674980163574218750e+00 -3.466145992279052734e+00 1.212687492370605469e+00
-5.650039196014404297e+00 -3.386986494064331055e+00 1.204809546470642090e+00
-5.652402877807617188e+00 -3.412044763565063477e+00 1.213656902313232422e+00
-5.665125370025634766e+00 -3.429522037506103516e+00 1.217542052268981934e+00
-5.681187152862548828e+00 -3.631870269775390625e+00 9.056540727615356445e-01
-5.698465824127197266e+00 -3.529633045196533203e+00 9.280608892440795898e-01
-5.704765319824218750e+00 -3.524665832519531250e+00 9.186518788337707520e-01
-5.637979984283447266e+00 -3.371592044830322266e+00 9.355901479721069336e-01
-5.668351173400878906e+00 -3.394077777862548828e+00 1.165797948837280273e+00
-5.664761543273925781e+00 -3.366556406021118164e+00 1.124901413917541504e+00
-5.657278537750244141e+00 -3.358103990554809570e+00 1.123999238014221191e+00
-5.673159599304199219e+00 -3.380094051361083984e+00 1.124308466911315918e+00
-5.646653175354003906e+00 -3.356603384017944336e+00 9.693151712417602539e-01
-5.673653602600097656e+00 -3.437486886978149414e+00 1.215651154518127441e+00
-5.667574405670166016e+00 -3.459407567977905273e+00 1.198185443878173828e+00
-5.687879562377929688e+00 -3.462753295898437500e+00 1.182593584060668945e+00
-5.691513538360595703e+00 -3.504935503005981445e+00 1.074546933174133301e+00
-5.661505222320556641e+00 -3.356612205505371094e+00 1.092444181442260742e+00
-5.673872470855712891e+00 -3.383675575256347656e+00 1.094160318374633789e+00
-5.686961650848388672e+00 -3.403861761093139648e+00 1.096849799156188965e+00
-5.691106796264648438e+00 -3.422736406326293945e+00 1.086306214332580566e+00
-5.666772842407226562e+00 -3.426402568817138672e+00 1.199166774749755859e+00
-5.714229583740234375e+00 -3.492905378341674805e+00 9.116958975791931152e-01
-5.576110839843750000e+00 -3.355854034423828125e+00 8.801655173301696777e-01
-5.596072196960449219e+00 -3.352370977401733398e+00 8.848422169685363770e-01
-5.671779155731201172e+00 -3.358632087707519531e+00 1.039085030555725098e+00
-5.596116065979003906e+00 -3.374056339263916016e+00 1.045863509178161621e+00
-5.672507762908935547e+00 -3.358191490173339844e+00 1.056913971900939941e+00
-5.589403629302978516e+00 -3.383891344070434570e+00 1.094928622245788574e+00
-5.626850605010986328e+00 -3.348684072494506836e+00 1.094264984130859375e+00
-5.593026161193847656e+00 -3.361741065979003906e+00 9.100018143653869629e-01
-5.573540210723876953e+00 -3.388267993927001953e+00 1.097827553749084473e+00
-5.612588882446289062e+00 -3.360439062118530273e+00 1.118645071983337402e+00
-5.627563476562500000e+00 -3.351103305816650391e+00 1.126663565635681152e+00
-5.693889617919921875e+00 -3.581772804260253906e+00 8.563294410705566406e-01
-5.625799655914306641e+00 -3.356378793716430664e+00 1.152569293975830078e+00
-5.650202751159667969e+00 -3.356977939605712891e+00 1.148637652397155762e+00
-5.701214790344238281e+00 -3.384665250778198242e+00 9.712241291999816895e-01
-5.678936481475830078e+00 -3.288236379623413086e+00 8.729234933853149414e-01
-5.704401969909667969e+00 -3.312801122665405273e+00 8.601475954055786133e-01
-5.569019794464111328e+00 -3.363404989242553711e+00 8.010085821151733398e-01
-5.589527606964111328e+00 -3.363424062728881836e+00 8.032689690589904785e-01
-5.645040988922119141e+00 -3.291245222091674805e+00 8.234778046607971191e-01
-5.730818748474121094e+00 -3.463387012481689453e+00 8.916168808937072754e-01
-5.760378360748291016e+00 -3.613631010055541992e+00 8.313360214233398438e-01
-5.551739692687988281e+00 -3.393496036529541016e+00 8.271264433860778809e-01
-5.732200622558593750e+00 -3.480566024780273438e+00 9.096671342849731445e-01
-5.671339035034179688e+00 -3.358677864074707031e+00 1.143187165260314941e+00
-5.670945644378662109e+00 -3.270862102508544922e+00 8.370555043220520020e-01
-5.548970699310302734e+00 -3.388801336288452148e+00 8.761950731277465820e-01
-5.554936885833740234e+00 -3.398819684982299805e+00 9.028970599174499512e-01
-5.702060222625732422e+00 -3.347832679748535156e+00 8.751022219657897949e-01
-5.564899921417236328e+00 -3.368940353393554688e+00 8.856632709503173828e-01
-5.731822490692138672e+00 -3.471040248870849609e+00 9.734246730804443359e-01
-5.642260074615478516e+00 -3.293935298919677734e+00 8.093605637550354004e-01
-5.670945644378662109e+00 -3.357837200164794922e+00 1.018835783004760742e+00
-5.700171470642089844e+00 -3.488849163055419922e+00 1.172446608543395996e+00
-5.732096195220947266e+00 -3.458386659622192383e+00 8.656914830207824707e-01
-5.548933982849121094e+00 -3.405561447143554688e+00 9.021718502044677734e-01
-5.736932754516601562e+00 -3.457547903060913086e+00 9.929379820823669434e-01
-5.642064571380615234e+00 -3.305319786071777344e+00 8.088319301605224609e-01
-5.595324993133544922e+00 -3.360611438751220703e+00 7.777063846588134766e-01
-5.696879386901855469e+00 -3.391164064407348633e+00 8.978530764579772949e-01
-5.698017120361328125e+00 -3.536818742752075195e+00 1.136089682579040527e+00
-5.691023826599121094e+00 -3.663528442382812500e+00 8.719526529312133789e-01
-5.605066299438476562e+00 -3.321918010711669922e+00 7.826555967330932617e-01
-5.569952011108398438e+00 -3.391134738922119141e+00 1.066470980644226074e+00
-5.700523853302001953e+00 -3.573162555694580078e+00 1.094208717346191406e+00
-5.583824157714843750e+00 -3.390354633331298828e+00 1.136356353759765625e+00
-5.636893272399902344e+00 -3.360699415206909180e+00 9.615493416786193848e-01
-5.696589469909667969e+00 -3.472657442092895508e+00 1.163663506507873535e+00
-5.679028987884521484e+00 -3.554258584976196289e+00 1.177827239036560059e+00
-5.667704105377197266e+00 -3.547509908676147461e+00 1.178779125213623047e+00
-5.731486320495605469e+00 -3.452654361724853516e+00 1.105897188186645508e+00
-5.665109634399414062e+00 -3.321786165237426758e+00 9.035147428512573242e-01
-5.701826572418212891e+00 -3.636122465133666992e+00 8.312022089958190918e-01
-5.760724544525146484e+00 -3.601219415664672852e+00 8.421255350112915039e-01
-5.731033325195312500e+00 -3.480147838592529297e+00 9.768335819244384766e-01
-5.578692436218261719e+00 -3.382994651794433594e+00 1.016631603240966797e+00
-5.585936069488525391e+00 -3.390345335006713867e+00 1.087116718292236328e+00
-5.660893440246582031e+00 -3.297320127487182617e+00 8.708664774894714355e-01
-5.707791805267333984e+00 -3.489228963851928711e+00 8.638801574707031250e-01
-5.675975322723388672e+00 -3.344616174697875977e+00 9.031459689140319824e-01
-5.691873550415039062e+00 -3.423114299774169922e+00 9.823970794677734375e-01
-5.607934951782226562e+00 -3.357450962066650391e+00 1.151651263236999512e+00
-5.625920772552490234e+00 -3.370221376419067383e+00 1.183998823165893555e+00
-5.671706199645996094e+00 -3.382323265075683594e+00 1.172986268997192383e+00
-5.577551841735839844e+00 -3.387709140777587891e+00 1.144161462783813477e+00
-5.732086658477783203e+00 -3.431424856185913086e+00 9.981333613395690918e-01
-5.625463485717773438e+00 -3.344556570053100586e+00 1.004526615142822266e+00
-5.720091819763183594e+00 -3.468991518020629883e+00 9.450843334197998047e-01
-5.712682723999023438e+00 -3.458435773849487305e+00 1.152633547782897949e+00
-5.637746334075927734e+00 -3.318485021591186523e+00 8.533213138580322266e-01
-5.700644969940185547e+00 -3.636217117309570312e+00 8.842024803161621094e-01
-5.701839923858642578e+00 -3.414196729660034180e+00 1.172172069549560547e+00
-5.668203353881835938e+00 -3.534964561462402344e+00 1.190192937850952148e+00
-5.589799404144287109e+00 -3.370547533035278320e+00 1.015552282333374023e+00
-5.606364250183105469e+00 -3.348842144012451172e+00 1.032372355461120605e+00
-5.573890686035156250e+00 -3.370943784713745117e+00 9.117163419723510742e-01
-5.577990531921386719e+00 -3.371942996978759766e+00 9.329807758331298828e-01
-5.700722217559814453e+00 -3.287282705307006836e+00 8.730558753013610840e-01
-5.731608390808105469e+00 -3.432893037796020508e+00 1.145330786705017090e+00
-5.706833839416503906e+00 -3.515489578247070312e+00 1.128596544265747070e+00
-5.609756946563720703e+00 -3.357641458511352539e+00 1.093897819519042969e+00
-5.701781272888183594e+00 -3.289649963378906250e+00 8.545824289321899414e-01
-5.731411933898925781e+00 -3.485200881958007812e+00 8.926719427108764648e-01
-5.700015544891357422e+00 -3.573531150817871094e+00 1.111788153648376465e+00
-5.675484657287597656e+00 -3.320480108261108398e+00 9.030376672744750977e-01
-5.700290679931640625e+00 -3.320990085601806641e+00 9.008572101593017578e-01
-5.611463546752929688e+00 -3.361423015594482422e+00 8.077639341354370117e-01
-5.733720779418945312e+00 -3.441544294357299805e+00 8.677266836166381836e-01
-5.611541748046875000e+00 -3.361203432083129883e+00 8.175158500671386719e-01
-5.636212348937988281e+00 -3.311275720596313477e+00 8.311339616775512695e-01
-5.643571853637695312e+00 -3.303390264511108398e+00 8.334463834762573242e-01
-5.540376663208007812e+00 -3.406700134277343750e+00 8.787726163864135742e-01
-5.700181961059570312e+00 -3.388863801956176758e+00 1.063201546669006348e+00
-5.582286834716796875e+00 -3.393096446990966797e+00 1.171224832534790039e+00
-5.635700225830078125e+00 -3.395914077758789062e+00 1.215491175651550293e+00
-5.621592044830322266e+00 -3.359367370605468750e+00 1.170423626899719238e+00
-5.731416702270507812e+00 -3.454589366912841797e+00 1.135770320892333984e+00
-5.730705738067626953e+00 -3.456335544586181641e+00 1.144136428833007812e+00
-5.696900367736816406e+00 -3.423460483551025391e+00 1.128127455711364746e+00
-5.731258392333984375e+00 -3.445176124572753906e+00 1.105920791625976562e+00
-5.565184116363525391e+00 -3.404518365859985352e+00 9.324979186058044434e-01
-5.578876018524169922e+00 -3.387832880020141602e+00 1.045455098152160645e+00
-5.583554267883300781e+00 -3.362663507461547852e+00 8.973827958106994629e-01
-5.702044486999511719e+00 -3.563306808471679688e+00 8.380305767059326172e-01
-5.702888965606689453e+00 -3.557930946350097656e+00 1.029656171798706055e+00
-5.585993766784667969e+00 -3.390424966812133789e+00 1.055735588073730469e+00
-5.584236145019531250e+00 -3.368169546127319336e+00 9.347615242004394531e-01
-5.570711135864257812e+00 -3.391758680343627930e+00 1.148856163024902344e+00
-5.607423305511474609e+00 -3.347953081130981445e+00 9.717333912849426270e-01
-5.625093936920166016e+00 -3.348022222518920898e+00 9.746118783950805664e-01
-5.626440048217773438e+00 -3.345613241195678711e+00 1.035090804100036621e+00
-5.694546699523925781e+00 -3.346576929092407227e+00 8.593428730964660645e-01
-5.574474334716796875e+00 -3.356347799301147461e+00 8.658387660980224609e-01
-5.711925983428955078e+00 -3.473996877670288086e+00 1.014796972274780273e+00
-5.704206466674804688e+00 -3.386239767074584961e+00 9.430711865425109863e-01
-5.624570369720458984e+00 -3.352184057235717773e+00 9.460032582283020020e-01
-5.625500202178955078e+00 -3.361899137496948242e+00 1.166562557220458984e+00
-5.581948280334472656e+00 -3.390940666198730469e+00 1.157930254936218262e+00
-5.593484878540039062e+00 -3.377834320068359375e+00 1.155675172805786133e+00
-5.698231697082519531e+00 -3.477127552032470703e+00 1.083559513092041016e+00
-5.660852432250976562e+00 -3.369120836257934570e+00 8.983053565025329590e-01
-5.612107276916503906e+00 -3.360336065292358398e+00 1.106208443641662598e+00
-5.702984809875488281e+00 -3.523235082626342773e+00 1.076505899429321289e+00
-5.668802738189697266e+00 -3.537889242172241211e+00 1.160329222679138184e+00
-5.664093971252441406e+00 -3.263888597488403320e+00 8.366539478302001953e-01
-5.618011951446533203e+00 -3.341568946838378906e+00 8.338640332221984863e-01
-5.671435832977294922e+00 -3.358741760253906250e+00 1.121191740036010742e+00
-5.578315258026123047e+00 -3.386800050735473633e+00 1.072642803192138672e+00
-5.686137676239013672e+00 -3.643710136413574219e+00 8.547948002815246582e-01
-5.685499668121337891e+00 -3.402118921279907227e+00 1.125565648078918457e+00
-5.705315589904785156e+00 -3.486369609832763672e+00 1.145039558410644531e+00
-5.668793201446533203e+00 -3.465834856033325195e+00 1.204240798950195312e+00
-5.702019214630126953e+00 -3.562410831451416016e+00 9.775257110595703125e-01
-5.702191352844238281e+00 -3.521012067794799805e+00 1.149607896804809570e+00
-5.730134487152099609e+00 -3.498429536819458008e+00 9.457328915596008301e-01
-5.666423320770263672e+00 -3.370822668075561523e+00 1.097939252853393555e+00
