-7.141814231872558594e+00 -4.891401290893554688e+00 6.546355485916137695e-01
-7.154384136199951172e+00 -4.873449325561523438e+00 6.520608663558959961e-01
-7.157113552093505859e+00 -4.877511024475097656e+00 6.751840710639953613e-01
-7.166732788085937500e+00 -4.857626438140869141e+00 6.708331108093261719e-01
-7.184297561645507812e+00 -4.844233989715576172e+00 6.756775975227355957e-01
-7.197958946228027344e+00 -4.822018146514892578e+00 6.744517087936401367e-01
-7.212734699249267578e+00 -4.813356876373291016e+00 6.811938881874084473e-01
-7.278848171234130859e+00 -5.023087978363037109e+00 6.792229413986206055e-01
-7.302923202514648438e+00 -5.018232822418212891e+00 6.821455359458923340e-01
-7.307918071746826172e+00 -4.994840621948242188e+00 6.810762882232666016e-01
-7.334370613098144531e+00 -4.997202396392822266e+00 6.817563772201538086e-01
-7.365715503692626953e+00 -5.029240608215332031e+00 6.795293688774108887e-01
-7.334043979644775391e+00 -4.812123775482177734e+00 6.851314306259155273e-01
-7.334718227386474609e+00 -4.847906589508056641e+00 6.835246682167053223e-01
-7.364503860473632812e+00 -4.812130928039550781e+00 6.845237016677856445e-01
-7.392070293426513672e+00 -4.842734813690185547e+00 6.828300356864929199e-01
-7.395359516143798828e+00 -5.022397994995117188e+00 6.789838671684265137e-01
-7.394028186798095703e+00 -4.997341156005859375e+00 6.766279935836791992e-01
-7.426079750061035156e+00 -5.020936489105224609e+00 6.734868288040161133e-01
-7.455240249633789062e+00 -5.024418830871582031e+00 6.714031696319580078e-01
-7.395837306976318359e+00 -4.818495750427246094e+00 6.805521845817565918e-01
-7.426366806030273438e+00 -4.808972835540771484e+00 6.788434386253356934e-01
-7.425433635711669922e+00 -4.838391780853271484e+00 6.786376833915710449e-01
-7.455628395080566406e+00 -4.843282222747802734e+00 6.755880117416381836e-01
-7.485727787017822266e+00 -5.029613971710205078e+00 6.716504693031311035e-01
-7.059574127197265625e+00 -5.016938209533691406e+00 6.842288374900817871e-01
-7.225776195526123047e+00 -4.807259082794189453e+00 6.926538348197937012e-01
-7.241997718811035156e+00 -4.809271335601806641e+00 6.920463442802429199e-01
-7.253633975982666016e+00 -4.812501907348632812e+00 6.880745291709899902e-01
-7.276896476745605469e+00 -4.809949398040771484e+00 6.869800090789794922e-01
-7.304083347320556641e+00 -4.817912578582763672e+00 6.852338314056396484e-01
-7.091042518615722656e+00 -4.998749256134033203e+00 6.863005757331848145e-01
-7.093317508697509766e+00 -5.001693248748779297e+00 6.913085579872131348e-01
-7.098708629608154297e+00 -4.971807479858398438e+00 6.920632123947143555e-01
-7.118459701538085938e+00 -4.969610214233398438e+00 6.921377182006835938e-01
-7.120589733123779297e+00 -4.996983051300048828e+00 6.914323568344116211e-01
-7.125938892364501953e+00 -4.999179363250732422e+00 6.854395866394042969e-01
-7.153988361358642578e+00 -4.999336719512939453e+00 6.856814026832580566e-01
-7.159059524536132812e+00 -4.983473300933837891e+00 6.920230388641357422e-01
-7.161736965179443359e+00 -4.974946498870849609e+00 6.922116279602050781e-01
-7.333305358886718750e+00 -5.084417819976806641e+00 6.805261373519897461e-01
-7.363937854766845703e+00 -5.123368263244628906e+00 6.791899204254150391e-01
-7.394722938537597656e+00 -5.112745761871337891e+00 6.755037307739257812e-01
-7.423712253570556641e+00 -5.105844974517822266e+00 6.742989420890808105e-01
-7.427278041839599609e+00 -5.145470142364501953e+00 6.709150671958923340e-01
-7.174638271331787109e+00 -4.861409187316894531e+00 6.863962411880493164e-01
-7.276899814605712891e+00 -5.083727359771728516e+00 6.789116263389587402e-01
-7.303828716278076172e+00 -5.086541652679443359e+00 6.799196600914001465e-01
-7.363463878631591797e+00 -5.091364860534667969e+00 6.795980930328369141e-01
-7.138279914855957031e+00 -4.884026527404785156e+00 6.485944986343383789e-01
-7.334520339965820312e+00 -4.976673126220703125e+00 6.773834228515625000e-01
-7.364624023437500000e+00 -4.963717460632324219e+00 6.820841431617736816e-01
-7.396235942840576172e+00 -4.968013286590576172e+00 6.785119175910949707e-01
-7.225200653076171875e+00 -4.789972305297851562e+00 6.842411160469055176e-01
-7.227965831756591797e+00 -4.791060924530029297e+00 6.925290226936340332e-01
-7.245441913604736328e+00 -4.785387039184570312e+00 6.932710409164428711e-01
-7.270130157470703125e+00 -4.784487247467041016e+00 6.920132040977478027e-01
-7.297582149505615234e+00 -4.783569812774658203e+00 6.912556886672973633e-01
-7.454852581024169922e+00 -4.966969966888427734e+00 6.745564341545104980e-01
-7.478157997131347656e+00 -4.965865612030029297e+00 6.733469963073730469e-01
-7.040927410125732422e+00 -5.020402431488037109e+00 6.565729975700378418e-01
-7.306173801422119141e+00 -4.786406040191650391e+00 6.846260428428649902e-01
-7.334215164184570312e+00 -4.779382705688476562e+00 6.917674541473388672e-01
-7.357839584350585938e+00 -4.780550479888916016e+00 6.910594105720520020e-01
-7.067151069641113281e+00 -4.994230747222900391e+00 6.750295758247375488e-01
-7.093288898468017578e+00 -4.960071086883544922e+00 6.759634613990783691e-01
-7.124646186828613281e+00 -4.967012405395507812e+00 6.882943511009216309e-01
-7.213466644287109375e+00 -4.962419986724853516e+00 6.850583553314208984e-01
-7.244965076446533203e+00 -4.970657348632812500e+00 6.817896962165832520e-01
-7.273706436157226562e+00 -4.967138767242431641e+00 6.822645664215087891e-01
-7.303354263305664062e+00 -4.967955112457275391e+00 6.804094314575195312e-01
-7.338606357574462891e+00 -5.061669826507568359e+00 6.755958199501037598e-01
-7.363456726074218750e+00 -5.064620494842529297e+00 6.809329986572265625e-01
-7.398464202880859375e+00 -5.055826187133789062e+00 6.762537956237792969e-01
-7.426850318908691406e+00 -5.055072307586669922e+00 6.717215180397033691e-01
-7.425978660583496094e+00 -4.877316474914550781e+00 6.789382100105285645e-01
-7.484125137329101562e+00 -5.121252059936523438e+00 6.734218597412109375e-01
-7.161413192749023438e+00 -5.084534168243408203e+00 6.851416230201721191e-01
-7.183313846588134766e+00 -5.084157466888427734e+00 6.840221285820007324e-01
-7.215145111083984375e+00 -5.082584381103515625e+00 6.867028474807739258e-01
-7.244076251983642578e+00 -5.083498001098632812e+00 6.807582974433898926e-01
-7.365241050720214844e+00 -4.787306785583496094e+00 6.827763319015502930e-01
-7.393510818481445312e+00 -4.792340755462646484e+00 6.797958016395568848e-01
-7.453377246856689453e+00 -4.811159610748291016e+00 6.769514083862304688e-01
-7.454953670501708984e+00 -5.051766395568847656e+00 6.722008585929870605e-01
-7.501489162445068359e+00 -5.060340881347656250e+00 6.729340553283691406e-01
-7.097757816314697266e+00 -5.015287876129150391e+00 6.932055354118347168e-01
-7.482222557067871094e+00 -5.054091930389404297e+00 6.718320846557617188e-01
-7.123105525970458984e+00 -5.018024921417236328e+00 6.929347515106201172e-01
-7.152166366577148438e+00 -5.025826930999755859e+00 6.907581090927124023e-01
-7.131228446960449219e+00 -5.018811225891113281e+00 6.862786412239074707e-01
-7.487290382385253906e+00 -4.815041065216064453e+00 6.718423366546630859e-01
-7.516341686248779297e+00 -4.817198276519775391e+00 6.656423807144165039e-01
-7.157323360443115234e+00 -4.968963146209716797e+00 6.861383318901062012e-01
-7.185019493103027344e+00 -4.966897964477539062e+00 6.860737800598144531e-01
-7.365214347839355469e+00 -4.999323368072509766e+00 6.760818958282470703e-01
-7.426466941833496094e+00 -4.986868381500244141e+00 6.782042384147644043e-01
-7.513142585754394531e+00 -4.844819545745849609e+00 6.656221747398376465e-01
-7.525868892669677734e+00 -4.852225780487060547e+00 6.579505801200866699e-01
-7.545092582702636719e+00 -4.837686538696289062e+00 6.645344495773315430e-01
-7.575396537780761719e+00 -4.841076850891113281e+00 6.639139652252197266e-01
-7.584213733673095703e+00 -4.840500354766845703e+00 6.549119949340820312e-01
-7.454831600189208984e+00 -4.992584228515625000e+00 6.767145395278930664e-01
-7.479692935943603516e+00 -5.001966476440429688e+00 6.722528338432312012e-01
-7.600384712219238281e+00 -4.841943740844726562e+00 6.573124527931213379e-01
-7.601683616638183594e+00 -4.845296382904052734e+00 6.626102924346923828e-01
-7.631356716156005859e+00 -4.845951080322265625e+00 6.568638086318969727e-01
-7.209030628204345703e+00 -4.869252204895019531e+00 6.919821500778198242e-01
-7.220650196075439453e+00 -4.875961780548095703e+00 6.875272989273071289e-01
-7.244127273559570312e+00 -4.878940582275390625e+00 6.864899396896362305e-01
-7.272164344787597656e+00 -4.879450798034667969e+00 6.824615597724914551e-01
-7.305087089538574219e+00 -4.865879058837890625e+00 6.875514388084411621e-01
-7.455750465393066406e+00 -5.118424892425537109e+00 6.732382178306579590e-01
-7.510281562805175781e+00 -5.121691703796386719e+00 6.738973259925842285e-01
-7.453396320343017578e+00 -4.876537799835205078e+00 6.779745817184448242e-01
-7.214703559875488281e+00 -5.112778186798095703e+00 6.844990849494934082e-01
-7.246700286865234375e+00 -5.115299701690673828e+00 6.814180016517639160e-01
-7.274517536163330078e+00 -5.147039890289306641e+00 6.776110529899597168e-01
-7.273267269134521484e+00 -5.114277839660644531e+00 6.781951785087585449e-01
-7.524247646331787109e+00 -4.937679767608642578e+00 6.541409492492675781e-01
-7.091590881347656250e+00 -4.947267055511474609e+00 6.435146927833557129e-01
-7.305754184722900391e+00 -5.121428489685058594e+00 6.781420707702636719e-01
-7.337951660156250000e+00 -5.124837875366210938e+00 6.789705157279968262e-01
-7.274301052093505859e+00 -4.901379108428955078e+00 6.830080747604370117e-01
-7.307079792022705078e+00 -4.902810096740722656e+00 6.817001700401306152e-01
-7.334274768829345703e+00 -4.908432960510253906e+00 6.822178363800048828e-01
-7.336989402770996094e+00 -4.879250526428222656e+00 6.843126416206359863e-01
-7.364552021026611328e+00 -4.882745265960693359e+00 6.821233630180358887e-01
-7.363634109497070312e+00 -4.910366058349609375e+00 6.840424537658691406e-01
-7.334528446197509766e+00 -5.150734901428222656e+00 6.746448278427124023e-01
-7.374144077301025391e+00 -5.133680820465087891e+00 6.823835968971252441e-01
-7.395534515380859375e+00 -5.146512508392333984e+00 6.754609942436218262e-01
-7.213829040527343750e+00 -4.839333534240722656e+00 6.928966045379638672e-01
-7.246108531951904297e+00 -4.850077152252197266e+00 6.847266554832458496e-01
-7.274724006652832031e+00 -4.847743511199951172e+00 6.850287914276123047e-01
-7.457216262817382812e+00 -4.907148361206054688e+00 6.789445877075195312e-01
-7.485153198242187500e+00 -4.907687187194824219e+00 6.722559928894042969e-01
-7.508559226989746094e+00 -4.909230709075927734e+00 6.667723655700683594e-01
-7.063137531280517578e+00 -4.991677761077880859e+00 6.510806679725646973e-01
-7.337183475494384766e+00 -5.170697212219238281e+00 6.790340542793273926e-01
-7.364107131958007812e+00 -5.166282176971435547e+00 6.808749437332153320e-01
-7.395511627197265625e+00 -5.176503658294677734e+00 6.771289110183715820e-01
-7.424738883972167969e+00 -5.177053451538085938e+00 6.758967041969299316e-01
-7.453316688537597656e+00 -5.183304309844970703e+00 6.755467057228088379e-01
-7.453656673431396484e+00 -5.147341251373291016e+00 6.765935420989990234e-01
-7.486103534698486328e+00 -5.177002906799316406e+00 6.755272746086120605e-01
-7.244443893432617188e+00 -5.146247863769531250e+00 6.794880628585815430e-01
-7.154506206512451172e+00 -5.024556159973144531e+00 6.862783432006835938e-01
-7.188108921051025391e+00 -5.000438213348388672e+00 6.860014200210571289e-01
-7.243904113769531250e+00 -4.781873703002929688e+00 6.860590577125549316e-01
-7.071298599243164062e+00 -4.969451904296875000e+00 6.411291956901550293e-01
-7.089983940124511719e+00 -4.956447601318359375e+00 6.555322408676147461e-01
-7.106644630432128906e+00 -4.935838699340820312e+00 6.743236184120178223e-01
-7.117305755615234375e+00 -4.930272102355957031e+00 6.793286800384521484e-01
-7.129477977752685547e+00 -4.909323215484619141e+00 6.740909814834594727e-01
-7.149063110351562500e+00 -4.899228572845458984e+00 6.825363636016845703e-01
-7.422972679138183594e+00 -4.962591648101806641e+00 6.764156818389892578e-01
-7.538999080657958984e+00 -4.842734336853027344e+00 6.582956910133361816e-01
-7.297794818878173828e+00 -4.826685905456542969e+00 6.917150020599365234e-01
-7.307043552398681641e+00 -4.852144241333007812e+00 6.849495768547058105e-01
-7.396975040435791016e+00 -4.880560874938964844e+00 6.807748079299926758e-01
-7.304699897766113281e+00 -5.150060176849365234e+00 6.762071847915649414e-01
-7.483451366424560547e+00 -5.144121646881103516e+00 6.762066483497619629e-01
-7.511853218078613281e+00 -5.136627197265625000e+00 6.765168905258178711e-01
-7.217344760894775391e+00 -4.911556243896484375e+00 6.828569173812866211e-01
-7.513242244720458984e+00 -5.169609546661376953e+00 6.730279326438903809e-01
-7.511955261230468750e+00 -5.200029373168945312e+00 6.694539189338684082e-01
-7.275386810302734375e+00 -5.164590358734130859e+00 6.796697378158569336e-01
-7.305614948272705078e+00 -5.169974327087402344e+00 6.783132553100585938e-01
-7.484082698822021484e+00 -4.933090686798095703e+00 6.717696189880371094e-01
-7.483450412750244141e+00 -4.842628002166748047e+00 6.750522851943969727e-01
-7.520304679870605469e+00 -4.882845878601074219e+00 6.576701998710632324e-01
-7.544887065887451172e+00 -4.871727466583251953e+00 6.582065820693969727e-01
-7.177081108093261719e+00 -4.975009918212890625e+00 6.915261745452880859e-01
-7.186985015869140625e+00 -4.982565402984619141e+00 6.908239722251892090e-01
-7.214941501617431641e+00 -4.997096061706542969e+00 6.846928000450134277e-01
-7.359249114990234375e+00 -4.813778877258300781e+00 6.903009414672851562e-01
-7.245657920837402344e+00 -5.049107551574707031e+00 6.795597672462463379e-01
-7.166858196258544922e+00 -4.854885578155517578e+00 6.541011333465576172e-01
-7.176806926727294922e+00 -4.847790241241455078e+00 6.562208533287048340e-01
-7.238952159881591797e+00 -5.084462642669677734e+00 6.906319856643676758e-01
-7.484532356262207031e+00 -4.873049736022949219e+00 6.762875914573669434e-01
-7.513675212860107422e+00 -4.877677440643310547e+00 6.652196049690246582e-01
-7.456316947937011719e+00 -4.939260959625244141e+00 6.746786236763000488e-01
-7.571340084075927734e+00 -4.870308876037597656e+00 6.626123189926147461e-01
-7.275082588195800781e+00 -4.816224098205566406e+00 6.911150813102722168e-01
-7.342957973480224609e+00 -4.814501285552978516e+00 6.905034184455871582e-01
-7.192487239837646484e+00 -5.085752487182617188e+00 6.912650465965270996e-01
-7.214864730834960938e+00 -5.083971023559570312e+00 6.914339065551757812e-01
-7.424156188964843750e+00 -4.907526016235351562e+00 6.797879934310913086e-01
-7.164875984191894531e+00 -4.881429195404052734e+00 6.916607022285461426e-01
-7.185011386871337891e+00 -4.868659496307373047e+00 6.932395696640014648e-01
-7.523884773254394531e+00 -4.916015148162841797e+00 6.536177992820739746e-01
-7.550118923187255859e+00 -4.897935390472412109e+00 6.615944504737854004e-01
-7.244863510131835938e+00 -4.929992675781250000e+00 6.872480511665344238e-01
-7.245009899139404297e+00 -4.998672485351562500e+00 6.833906173706054688e-01
-7.275014400482177734e+00 -5.001058578491210938e+00 6.782301664352416992e-01
-7.576077938079833984e+00 -4.868063926696777344e+00 6.569377183914184570e-01
-7.394886016845703125e+00 -5.206654071807861328e+00 6.787320375442504883e-01
-7.428094863891601562e+00 -5.235775947570800781e+00 6.753389835357666016e-01
-7.451869010925292969e+00 -5.228117942810058594e+00 6.727749109268188477e-01
-7.482915401458740234e+00 -5.228625774383544922e+00 6.687155365943908691e-01
-7.505930423736572266e+00 -4.929205894470214844e+00 6.677578687667846680e-01
-7.273236751556396484e+00 -5.051463603973388672e+00 6.790574193000793457e-01
-7.305002689361572266e+00 -5.060772895812988281e+00 6.766346096992492676e-01
-7.352014064788818359e+00 -4.623336791992187500e+00 6.557030677795410156e-01
-7.390262603759765625e+00 -4.965422153472900391e+00 6.904754638671875000e-01
-7.648151874542236328e+00 -4.760088443756103516e+00 6.264120936393737793e-01
-7.335593223571777344e+00 -4.676641464233398438e+00 6.873330473899841309e-01
-7.680227756500244141e+00 -4.764669418334960938e+00 6.553569436073303223e-01
-7.324116230010986328e+00 -4.681783199310302734e+00 6.461814045906066895e-01
-7.458734035491943359e+00 -5.182785987854003906e+00 6.924588084220886230e-01
-7.680585384368896484e+00 -4.764770507812500000e+00 6.672884821891784668e-01
-7.417541503906250000e+00 -5.236575603485107422e+00 6.943013072013854980e-01
-7.329780578613281250e+00 -5.112083435058593750e+00 6.902239918708801270e-01
-7.248617649078369141e+00 -5.023761272430419922e+00 6.912879943847656250e-01
-7.374497413635253906e+00 -4.705278396606445312e+00 6.878816485404968262e-01
-7.650561332702636719e+00 -4.738563537597656250e+00 6.683608293533325195e-01
-7.623090267181396484e+00 -4.730611324310302734e+00 6.215558648109436035e-01
-7.577188491821289062e+00 -4.721785068511962891e+00 6.909229755401611328e-01
-7.226108551025390625e+00 -4.769002437591552734e+00 6.932281851768493652e-01
-7.395429134368896484e+00 -5.135468006134033203e+00 6.943051218986511230e-01
-7.326023578643798828e+00 -5.027530193328857422e+00 6.906415820121765137e-01
-7.416984081268310547e+00 -4.953632831573486328e+00 6.908904910087585449e-01
-7.396443367004394531e+00 -4.579492568969726562e+00 6.780835986137390137e-01
-7.461685657501220703e+00 -4.593786716461181641e+00 6.577171683311462402e-01
-7.489686012268066406e+00 -4.613389492034912109e+00 6.521033644676208496e-01
-7.544354915618896484e+00 -4.674201965332031250e+00 6.208292245864868164e-01
-7.594264030456542969e+00 -4.861206054687500000e+00 6.603878736495971680e-01
-7.626854419708251953e+00 -4.737173557281494141e+00 6.733168959617614746e-01
-7.405332565307617188e+00 -4.934215545654296875e+00 6.597717404365539551e-01
-7.477132320404052734e+00 -5.114420890808105469e+00 6.903979182243347168e-01
-7.164739608764648438e+00 -4.930120468139648438e+00 6.875693798065185547e-01
-7.183932304382324219e+00 -4.936995983123779297e+00 6.846033930778503418e-01
-7.215383052825927734e+00 -4.935846805572509766e+00 6.832531690597534180e-01
-7.366171836853027344e+00 -4.847832202911376953e+00 6.829901337623596191e-01
-7.453464031219482422e+00 -5.191268444061279297e+00 6.757199764251708984e-01
-7.187104225158691406e+00 -4.908725261688232422e+00 6.859640479087829590e-01
-7.307183742523193359e+00 -5.198417186737060547e+00 6.764373779296875000e-01
-7.630391597747802734e+00 -4.839086532592773438e+00 6.624871492385864258e-01
-7.105513572692871094e+00 -4.917656421661376953e+00 6.480054855346679688e-01
-7.124340057373046875e+00 -4.911031246185302734e+00 6.509972214698791504e-01
-7.732522487640380859e+00 -4.813718318939208984e+00 6.576948165893554688e-01
-7.748310089111328125e+00 -4.828016757965087891e+00 6.506776213645935059e-01
-7.762935638427734375e+00 -4.836897373199462891e+00 6.464626789093017578e-01
-7.334423542022705078e+00 -4.937321662902832031e+00 6.826550364494323730e-01
-7.394097805023193359e+00 -4.942955970764160156e+00 6.781240701675415039e-01
-7.424899101257324219e+00 -4.933239936828613281e+00 6.778728961944580078e-01
-7.075806617736816406e+00 -4.979744434356689453e+00 6.632490754127502441e-01
-7.135470867156982422e+00 -4.914338588714599609e+00 6.928050518035888672e-01
-7.152317047119140625e+00 -4.911297798156738281e+00 6.926366686820983887e-01
-7.495691299438476562e+00 -4.623847007751464844e+00 6.476594209671020508e-01
-7.467012405395507812e+00 -4.815929412841796875e+00 6.587165594100952148e-01
-7.047645568847656250e+00 -5.008308410644531250e+00 6.712145805358886719e-01
-7.448294162750244141e+00 -4.721404552459716797e+00 6.908084154129028320e-01
-7.419300079345703125e+00 -4.843996047973632812e+00 6.903406977653503418e-01
-7.522729873657226562e+00 -4.814595222473144531e+00 6.580996513366699219e-01
-7.675867557525634766e+00 -4.781313419342041016e+00 6.236821413040161133e-01
-7.743556499481201172e+00 -4.792684555053710938e+00 6.336016058921813965e-01
-7.615992069244384766e+00 -4.714308261871337891e+00 6.579351425170898438e-01
-7.431604862213134766e+00 -4.674985408782958984e+00 6.917472481727600098e-01
-7.360953330993652344e+00 -4.972653388977050781e+00 6.904612779617309570e-01
-7.625019550323486328e+00 -4.741631031036376953e+00 6.901144385337829590e-01
-7.671341419219970703e+00 -4.782207965850830078e+00 6.568393707275390625e-01
-7.359884738922119141e+00 -4.608919620513916016e+00 6.574332118034362793e-01
-7.377274513244628906e+00 -4.589719772338867188e+00 6.672468185424804688e-01
-7.546957969665527344e+00 -4.794406890869140625e+00 6.591528654098510742e-01
-7.159831047058105469e+00 -4.869733810424804688e+00 6.297461986541748047e-01
-7.323113441467285156e+00 -5.080961227416992188e+00 6.908980607986450195e-01
-7.222125530242919922e+00 -4.792858123779296875e+00 6.580237150192260742e-01
-7.233435153961181641e+00 -4.786529064178466797e+00 6.555473208427429199e-01
-7.237732887268066406e+00 -5.063602447509765625e+00 6.912354230880737305e-01
-7.574221611022949219e+00 -4.733111858367919922e+00 6.700527071952819824e-01
-7.389000415802001953e+00 -4.705155372619628906e+00 6.938309669494628906e-01
-7.736325740814208984e+00 -4.834922790527343750e+00 6.152226328849792480e-01
-7.445417881011962891e+00 -4.580934047698974609e+00 6.947897076606750488e-01
-7.665086746215820312e+00 -4.816156387329101562e+00 6.583938002586364746e-01
-7.340317249298095703e+00 -4.832668781280517578e+00 6.904600262641906738e-01
-7.368219375610351562e+00 -5.225021362304687500e+00 6.907684803009033203e-01
-7.254549980163574219e+00 -4.766626834869384766e+00 6.926229596138000488e-01
-7.340525627136230469e+00 -4.768723964691162109e+00 6.908836960792541504e-01
-7.552727222442626953e+00 -4.671596527099609375e+00 6.571349501609802246e-01
-7.475048065185546875e+00 -4.842203140258789062e+00 6.906952261924743652e-01
-7.432269573211669922e+00 -5.115566730499267578e+00 6.587642431259155273e-01
-7.563477516174316406e+00 -4.674834251403808594e+00 6.793661117553710938e-01
-7.486409187316894531e+00 -4.914882183074951172e+00 6.586042046546936035e-01
-7.473310947418212891e+00 -5.023187637329101562e+00 6.582481861114501953e-01
-7.587002277374267578e+00 -4.696518898010253906e+00 6.572937369346618652e-01
-7.347889900207519531e+00 -4.644544124603271484e+00 6.936145424842834473e-01
-7.399271488189697266e+00 -5.261144161224365234e+00 6.734500527381896973e-01
-7.572303771972656250e+00 -4.819772720336914062e+00 6.581979393959045410e-01
-7.634927749633789062e+00 -4.816582679748535156e+00 6.637607216835021973e-01
-7.245681285858154297e+00 -4.913336753845214844e+00 6.831529736518859863e-01
-7.276827335357666016e+00 -4.934266090393066406e+00 6.823624372482299805e-01
-7.303956031799316406e+00 -4.934291839599609375e+00 6.816170215606689453e-01
-7.505976676940917969e+00 -5.089228153228759766e+00 6.737562417984008789e-01
-7.105320453643798828e+00 -5.045890808105468750e+00 6.904696226119995117e-01
-7.129297256469726562e+00 -5.051480770111083984e+00 6.910801529884338379e-01
-7.125274181365966797e+00 -5.050996303558349609e+00 6.871361732482910156e-01
-7.150145530700683594e+00 -5.050814628601074219e+00 6.914319396018981934e-01
-7.121001720428466797e+00 -5.072094440460205078e+00 6.849919557571411133e-01
-7.156857490539550781e+00 -5.053902149200439453e+00 6.870397329330444336e-01
-7.692964553833007812e+00 -4.816133022308349609e+00 6.567434668540954590e-01
-7.717446804046630859e+00 -4.805661201477050781e+00 6.626607775688171387e-01
-7.214039325714111328e+00 -4.833404064178466797e+00 6.875306367874145508e-01
-7.184496879577636719e+00 -5.030607223510742188e+00 6.851573586463928223e-01
-7.204398632049560547e+00 -5.031165122985839844e+00 6.844989061355590820e-01
-7.215849876403808594e+00 -5.051769256591796875e+00 6.824709773063659668e-01
-7.235500335693359375e+00 -5.035086154937744141e+00 6.801488399505615234e-01
-7.338084220886230469e+00 -5.227058887481689453e+00 6.752992868423461914e-01
-7.336159706115722656e+00 -5.200674533843994141e+00 6.784425973892211914e-01
-7.365256309509277344e+00 -5.192468166351318359e+00 6.840629577636718750e-01
-7.422420501708984375e+00 -5.209658622741699219e+00 6.765020489692687988e-01
-7.458901405334472656e+00 -5.257400512695312500e+00 6.721853017807006836e-01
-7.365948200225830078e+00 -5.227640151977539062e+00 6.810185909271240234e-01
-7.388562679290771484e+00 -5.238221168518066406e+00 6.771151423454284668e-01
-7.414653778076171875e+00 -5.253596305847167969e+00 6.720826029777526855e-01
-7.178427696228027344e+00 -4.903041362762451172e+00 6.919328570365905762e-01
-7.108314514160156250e+00 -4.917631626129150391e+00 6.634886860847473145e-01
-7.070500850677490234e+00 -4.968777179718017578e+00 6.269719600677490234e-01
-7.073756217956542969e+00 -5.017358779907226562e+00 6.924464702606201172e-01
-7.088132381439208984e+00 -5.023504734039306641e+00 6.879323720932006836e-01
-7.188098430633544922e+00 -5.049847126007080078e+00 6.863403916358947754e-01
-7.395830631256103516e+00 -5.072966575622558594e+00 6.787723898887634277e-01
-7.425828456878662109e+00 -5.074266433715820312e+00 6.777161359786987305e-01
-7.457275867462158203e+00 -5.080844402313232422e+00 6.768500208854675293e-01
-7.486031532287597656e+00 -5.083534240722656250e+00 6.756266355514526367e-01
-7.191358089447021484e+00 -5.059626102447509766e+00 6.914101243019104004e-01
-7.210117816925048828e+00 -5.060750007629394531e+00 6.909145712852478027e-01
-7.542298793792724609e+00 -4.909390449523925781e+00 6.551674604415893555e-01
-7.546537876129150391e+00 -4.874203681945800781e+00 6.631205677986145020e-01
-7.090352535247802734e+00 -4.947382926940917969e+00 6.288676857948303223e-01
-7.332816600799560547e+00 -5.028791904449462891e+00 6.809989213943481445e-01
-7.237924098968505859e+00 -4.840145111083984375e+00 6.907539367675781250e-01
-7.280456542968750000e+00 -4.833433151245117188e+00 6.907789111137390137e-01
-7.194098949432373047e+00 -4.845611095428466797e+00 6.918432116508483887e-01
-7.071956634521484375e+00 -5.005061626434326172e+00 6.919853687286376953e-01
-7.178693771362304688e+00 -4.940336704254150391e+00 6.918648481369018555e-01
-7.241771697998046875e+00 -4.922520637512207031e+00 6.912721395492553711e-01
-7.475445747375488281e+00 -4.790874958038330078e+00 6.780822873115539551e-01
-7.544876575469970703e+00 -4.806365013122558594e+00 6.693968176841735840e-01
-7.100409030914306641e+00 -5.045259952545166016e+00 6.870250105857849121e-01
-7.334053039550781250e+00 -4.778544425964355469e+00 6.855336427688598633e-01
-7.160805225372314453e+00 -5.077262878417968750e+00 6.912014484405517578e-01
-7.215263843536376953e+00 -5.112883567810058594e+00 6.903997063636779785e-01
-7.304247379302978516e+00 -5.061651229858398438e+00 6.907874345779418945e-01
-7.221306800842285156e+00 -4.909923553466796875e+00 6.919078826904296875e-01
-7.240814208984375000e+00 -4.908056259155273438e+00 6.913092732429504395e-01
-7.501194477081298828e+00 -4.959251880645751953e+00 6.633282899856567383e-01
-7.323697566986083984e+00 -5.061437606811523438e+00 6.906401515007019043e-01
-7.613163471221923828e+00 -4.741704940795898438e+00 6.915746927261352539e-01
-7.625265121459960938e+00 -4.726526260375976562e+00 6.917822360992431641e-01
-7.634654998779296875e+00 -4.788101673126220703e+00 6.687804460525512695e-01
-7.577854633331298828e+00 -4.763029575347900391e+00 6.703141331672668457e-01
-7.604058265686035156e+00 -4.765227794647216797e+00 6.685171723365783691e-01
-7.637910366058349609e+00 -4.768088817596435547e+00 6.655117273330688477e-01
-7.268397331237792969e+00 -5.050910949707031250e+00 6.903967261314392090e-01
-7.484764099121093750e+00 -4.673491477966308594e+00 6.861824393272399902e-01
-7.505882740020751953e+00 -4.678751945495605469e+00 6.831122040748596191e-01
-7.314451217651367188e+00 -5.220612049102783203e+00 6.729100346565246582e-01
-7.468814849853515625e+00 -4.862046241760253906e+00 6.594619154930114746e-01
-7.372596263885498047e+00 -5.073880672454833984e+00 6.598590612411499023e-01
-7.445022583007812500e+00 -4.751215457916259766e+00 6.913625001907348633e-01
-7.364672183990478516e+00 -4.938240051269531250e+00 6.841300129890441895e-01
-7.106268882751464844e+00 -4.942221164703369141e+00 6.919638514518737793e-01
-7.125369071960449219e+00 -4.932725906372070312e+00 6.939135789871215820e-01
-7.605484485626220703e+00 -4.813588619232177734e+00 6.650620102882385254e-01
-7.421370983123779297e+00 -4.795229434967041016e+00 6.772468686103820801e-01
-7.455872058868408203e+00 -4.789736270904541016e+00 6.788960099220275879e-01
-7.170973300933837891e+00 -4.862562179565429688e+00 6.535882353782653809e-01
-7.275898456573486328e+00 -4.782682418823242188e+00 6.857573986053466797e-01
-7.154015541076660156e+00 -4.932105541229248047e+00 6.933839321136474609e-01
-7.221644401550292969e+00 -4.932573795318603516e+00 6.911726593971252441e-01
-7.294208526611328125e+00 -4.841756343841552734e+00 6.903849244117736816e-01
-7.333194255828857422e+00 -4.705988883972167969e+00 6.931336522102355957e-01
-7.647111415863037109e+00 -4.743221759796142578e+00 6.549261212348937988e-01
-7.275581836700439453e+00 -4.762059211730957031e+00 6.869317889213562012e-01
-7.295424938201904297e+00 -4.766018867492675781e+00 6.856904029846191406e-01
-7.642404079437255859e+00 -4.821833133697509766e+00 6.574642062187194824e-01
-7.388866424560546875e+00 -4.772671699523925781e+00 6.904651522636413574e-01
-7.569354534149169922e+00 -4.813080787658691406e+00 6.663428544998168945e-01
-7.326241493225097656e+00 -4.957832336425781250e+00 6.908402442932128906e-01
-7.280308246612548828e+00 -4.975413799285888672e+00 6.910098791122436523e-01
-7.306630134582519531e+00 -4.967206954956054688e+00 6.906048655509948730e-01
-7.369375228881835938e+00 -4.885367870330810547e+00 6.903470754623413086e-01
-7.077644348144531250e+00 -4.947219371795654297e+00 6.569105982780456543e-01
-7.327744483947753906e+00 -4.728432178497314453e+00 6.909723281860351562e-01
-7.332865238189697266e+00 -4.738534450531005859e+00 6.818640232086181641e-01
-7.201915740966796875e+00 -4.831658363342285156e+00 6.516392230987548828e-01
-7.512119293212890625e+00 -4.643467903137207031e+00 6.269565820693969727e-01
-7.565847396850585938e+00 -4.679170131683349609e+00 6.248076558113098145e-01
-7.503439426422119141e+00 -4.619385719299316406e+00 6.914924383163452148e-01
-7.047562122344970703e+00 -5.004141330718994141e+00 6.922795176506042480e-01
-7.281129837036132812e+00 -5.119729995727539062e+00 6.903637051582336426e-01
-7.372807502746582031e+00 -5.051309585571289062e+00 6.910952329635620117e-01
-7.387153148651123047e+00 -5.046617031097412109e+00 6.906050443649291992e-01
-7.257361412048339844e+00 -4.739264488220214844e+00 6.641417741775512695e-01
-7.636370182037353516e+00 -4.738121509552001953e+00 6.581314802169799805e-01
-7.387563228607177734e+00 -5.123165607452392578e+00 6.918732523918151855e-01
-7.480669498443603516e+00 -4.612463474273681641e+00 6.932313442230224609e-01
-7.378455162048339844e+00 -4.588514804840087891e+00 6.917448043823242188e-01
-7.533489704132080078e+00 -4.648127079010009766e+00 6.589870452880859375e-01
-7.533737182617187500e+00 -4.648596763610839844e+00 6.911103725433349609e-01
-7.480472087860107422e+00 -5.047966003417968750e+00 6.917697787284851074e-01
-7.505681991577148438e+00 -4.641544342041015625e+00 6.925737261772155762e-01
-7.414017200469970703e+00 -4.649057388305664062e+00 6.886412501335144043e-01
-7.387268543243408203e+00 -5.024909019470214844e+00 6.910458803176879883e-01
-7.361732482910156250e+00 -4.673458576202392578e+00 6.939849853515625000e-01
-7.335928440093994141e+00 -4.677040100097656250e+00 6.936421990394592285e-01
-7.420391082763671875e+00 -4.760994434356689453e+00 6.909127235412597656e-01
-7.607008934020996094e+00 -4.735428333282470703e+00 6.748456358909606934e-01
-7.253549575805664062e+00 -4.766864299774169922e+00 6.863132715225219727e-01
-7.275832653045654297e+00 -4.762447357177734375e+00 6.931887865066528320e-01
-7.296198368072509766e+00 -4.765765190124511719e+00 6.919793486595153809e-01
-7.452093124389648438e+00 -4.703480243682861328e+00 6.849687099456787109e-01
-7.514119625091552734e+00 -4.699206829071044922e+00 6.817861199378967285e-01
-7.478208065032958984e+00 -5.211319923400878906e+00 6.578772664070129395e-01
-7.608661174774169922e+00 -4.730072975158691406e+00 6.263936758041381836e-01
-7.541598320007324219e+00 -4.687154293060302734e+00 6.910582780838012695e-01
-7.374529361724853516e+00 -4.616402626037597656e+00 6.963460445404052734e-01
-7.332880020141601562e+00 -4.636422634124755859e+00 6.522588729858398438e-01
-7.617273330688476562e+00 -4.742383003234863281e+00 6.217170953750610352e-01
-7.295005798339843750e+00 -4.697146415710449219e+00 6.583951115608215332e-01
-7.075007915496826172e+00 -4.947462558746337891e+00 6.622893810272216797e-01
-7.387096405029296875e+00 -4.615428447723388672e+00 6.966387629508972168e-01
-7.424107074737548828e+00 -4.772703647613525391e+00 6.908503174781799316e-01
-7.079767704010009766e+00 -5.045780181884765625e+00 6.834499835968017578e-01
-7.472245216369628906e+00 -5.191325187683105469e+00 6.905624866485595703e-01
-7.277403354644775391e+00 -4.902207374572753906e+00 6.902359724044799805e-01
-7.305448055267333984e+00 -4.669169902801513672e+00 6.574481725692749023e-01
-7.557575225830078125e+00 -4.681911945343017578e+00 6.220123171806335449e-01
-7.596400737762451172e+00 -4.763813972473144531e+00 6.548603773117065430e-01
-7.301102638244628906e+00 -4.945205688476562500e+00 6.905589699745178223e-01
-7.237711906433105469e+00 -5.114719867706298828e+00 6.915343999862670898e-01
-7.282419204711914062e+00 -4.735529899597167969e+00 6.934159994125366211e-01
-7.300852298736572266e+00 -4.734548568725585938e+00 6.929423809051513672e-01
-7.367826938629150391e+00 -4.738880157470703125e+00 6.819455027580261230e-01
-7.514261245727539062e+00 -4.756949424743652344e+00 6.751666069030761719e-01
-7.536705970764160156e+00 -4.758567333221435547e+00 6.736044883728027344e-01
-7.336985111236572266e+00 -4.896089076995849609e+00 6.912884116172790527e-01
-7.557785987854003906e+00 -4.684910774230957031e+00 6.401720046997070312e-01
-7.594129562377929688e+00 -4.707845687866210938e+00 6.281829476356506348e-01
-7.426612854003906250e+00 -4.607660770416259766e+00 6.948375105857849121e-01
-7.329243659973144531e+00 -5.136355876922607422e+00 6.920720338821411133e-01
-7.665860652923583984e+00 -4.761304378509521484e+00 6.575242877006530762e-01
-7.735316753387451172e+00 -4.820861816406250000e+00 6.273937225341796875e-01
-7.424864292144775391e+00 -4.726822853088378906e+00 6.906890869140625000e-01
-7.479161739349365234e+00 -4.647624015808105469e+00 6.878724694252014160e-01
-7.533712863922119141e+00 -4.922225952148437500e+00 6.635785698890686035e-01
-7.492667675018310547e+00 -4.842933654785156250e+00 6.584780216217041016e-01
-7.512559890747070312e+00 -5.096140384674072266e+00 6.930203437805175781e-01
-7.458444595336914062e+00 -4.603787899017333984e+00 6.876557469367980957e-01
-7.487555980682373047e+00 -4.613814830780029297e+00 6.842260360717773438e-01
-7.504807949066162109e+00 -4.618877887725830078e+00 6.821178197860717773e-01
-7.512640953063964844e+00 -5.109124183654785156e+00 6.917519569396972656e-01
-7.442955017089843750e+00 -4.575384140014648438e+00 6.730248928070068359e-01
-7.341826915740966797e+00 -5.136938571929931641e+00 6.598604917526245117e-01
-7.586575984954833984e+00 -4.712852954864501953e+00 6.314970850944519043e-01
-7.430264949798583984e+00 -5.096446990966796875e+00 6.906374096870422363e-01
-7.244102478027343750e+00 -4.867482662200927734e+00 6.922577619552612305e-01
-7.268404483795166016e+00 -4.870707511901855469e+00 6.914376020431518555e-01
-7.311624050140380859e+00 -4.867811679840087891e+00 6.918718218803405762e-01
-7.333842754364013672e+00 -4.865761280059814453e+00 6.914882659912109375e-01
-7.211589813232421875e+00 -4.958996295928955078e+00 6.927813887596130371e-01
-7.217581748962402344e+00 -4.982276916503906250e+00 6.922518610954284668e-01
-7.241424083709716797e+00 -4.983071327209472656e+00 6.914706826210021973e-01
-7.663156032562255859e+00 -4.816214084625244141e+00 6.631421446800231934e-01
-7.348197937011718750e+00 -4.619089603424072266e+00 6.637140512466430664e-01
-7.166150569915771484e+00 -4.823668956756591797e+00 6.487143635749816895e-01
-7.421364307403564453e+00 -4.677554130554199219e+00 6.847809553146362305e-01
-7.456175327301025391e+00 -4.674780368804931641e+00 6.869025826454162598e-01
-7.712759971618652344e+00 -4.795894622802734375e+00 6.257003545761108398e-01
-7.272359848022460938e+00 -5.136121749877929688e+00 6.921014189720153809e-01
-7.304153919219970703e+00 -5.135356426239013672e+00 6.922948360443115234e-01
-7.574481964111328125e+00 -4.698094367980957031e+00 6.754060983657836914e-01
-7.336055278778076172e+00 -4.706496715545654297e+00 6.865175366401672363e-01
-7.047821998596191406e+00 -5.006542682647705078e+00 6.505849957466125488e-01
-7.426087379455566406e+00 -4.607027053833007812e+00 6.884920001029968262e-01
-7.423241615295410156e+00 -4.701776504516601562e+00 6.923613548278808594e-01
-7.483246326446533203e+00 -4.700334548950195312e+00 6.852905750274658203e-01
-7.545699119567871094e+00 -4.703545570373535156e+00 6.740771532058715820e-01
-7.397158145904541016e+00 -5.092296600341796875e+00 6.581544280052185059e-01
-7.316851615905761719e+00 -4.672509670257568359e+00 6.927034258842468262e-01
-7.483843803405761719e+00 -5.087140083312988281e+00 6.594649553298950195e-01
-7.523757457733154297e+00 -4.749011039733886719e+00 6.590209007263183594e-01
-7.562259197235107422e+00 -4.678683757781982422e+00 6.920362114906311035e-01
-7.049735069274902344e+00 -4.979007720947265625e+00 6.649903655052185059e-01
-7.405334949493408203e+00 -5.171026706695556641e+00 6.586135029792785645e-01
-7.419469356536865234e+00 -5.167459011077880859e+00 6.575763821601867676e-01
-7.522705078125000000e+00 -4.663153648376464844e+00 6.161970496177673340e-01
-7.480567932128906250e+00 -5.087692737579345703e+00 6.924771666526794434e-01
-7.532576560974121094e+00 -4.725199699401855469e+00 6.917163729667663574e-01
-7.603648662567138672e+00 -4.719501018524169922e+00 6.918366551399230957e-01
-7.563402652740478516e+00 -4.895876407623291016e+00 6.603350043296813965e-01
-7.502350807189941406e+00 -4.850514411926269531e+00 6.919168233871459961e-01
-7.455264091491699219e+00 -5.209530830383300781e+00 6.576772928237915039e-01
-7.481266975402832031e+00 -4.896554470062255859e+00 6.906237602233886719e-01
-7.228716373443603516e+00 -5.132723808288574219e+00 6.924815177917480469e-01
-7.446850776672363281e+00 -4.703512191772460938e+00 6.906163096427917480e-01
-7.309228897094726562e+00 -4.704075813293457031e+00 6.944347620010375977e-01
-7.348063468933105469e+00 -4.618384838104248047e+00 6.548365950584411621e-01
-7.375133037567138672e+00 -4.705548763275146484e+00 6.941778659820556641e-01
-7.615713596343994141e+00 -4.798035621643066406e+00 6.575887203216552734e-01
-7.287325859069824219e+00 -4.703270912170410156e+00 6.569132804870605469e-01
-7.502755641937255859e+00 -4.810937404632568359e+00 6.908313632011413574e-01
-7.393674373626708984e+00 -5.207005023956298828e+00 6.931262612342834473e-01
-7.419362068176269531e+00 -5.205708980560302734e+00 6.927891969680786133e-01
-7.448018074035644531e+00 -5.203085899353027344e+00 6.909347772598266602e-01
-7.480500698089599609e+00 -5.133670330047607422e+00 6.908465623855590820e-01
-7.489919185638427734e+00 -5.168375015258789062e+00 6.594235897064208984e-01
-7.495510101318359375e+00 -4.792851448059082031e+00 6.587589979171752930e-01
-7.443001747131347656e+00 -5.226186752319335938e+00 6.908544898033142090e-01
-7.675617218017578125e+00 -4.776574134826660156e+00 5.951626896858215332e-01
-7.416737556457519531e+00 -5.041142463684082031e+00 6.924760341644287109e-01
-7.288664340972900391e+00 -4.702304840087890625e+00 6.917468905448913574e-01
-7.346532821655273438e+00 -5.196144580841064453e+00 6.599154472351074219e-01
-7.049285411834716797e+00 -4.973323822021484375e+00 6.422703266143798828e-01
-7.369319915771484375e+00 -5.251701831817626953e+00 6.575701832771301270e-01
-7.464057922363281250e+00 -5.065837383270263672e+00 6.592467427253723145e-01
-7.275297641754150391e+00 -5.164764881134033203e+00 6.915326118469238281e-01
-7.077682495117187500e+00 -4.975564479827880859e+00 6.908795237541198730e-01
-7.242840766906738281e+00 -4.965864181518554688e+00 6.907414197921752930e-01
-7.205894470214843750e+00 -5.033282279968261719e+00 6.911375522613525391e-01
-7.192334175109863281e+00 -4.826509952545166016e+00 6.566914319992065430e-01
-7.203852176666259766e+00 -4.819733619689941406e+00 6.564131379127502441e-01
-7.298318386077880859e+00 -5.113278388977050781e+00 6.913177967071533203e-01
-7.692132949829101562e+00 -4.787003517150878906e+00 6.688548922538757324e-01
-7.355953216552734375e+00 -4.832783699035644531e+00 6.908366084098815918e-01
-7.651174068450927734e+00 -4.739959239959716797e+00 6.291326284408569336e-01
-7.463938713073730469e+00 -4.937052249908447266e+00 6.598423719406127930e-01
-7.422459602355957031e+00 -5.254928112030029297e+00 6.916565895080566406e-01
-7.770587921142578125e+00 -4.819515705108642578e+00 6.301041245460510254e-01
-7.772521018981933594e+00 -4.818272113800048828e+00 6.251267790794372559e-01
-7.495564460754394531e+00 -4.754845619201660156e+00 6.599517464637756348e-01
-7.456475257873535156e+00 -4.993776798248291016e+00 6.578625440597534180e-01
-7.568361759185791016e+00 -4.757310867309570312e+00 6.906141638755798340e-01
-7.431670188903808594e+00 -5.006293773651123047e+00 6.915138959884643555e-01
-7.744054794311523438e+00 -4.814795017242431641e+00 6.603493690490722656e-01
-7.199090003967285156e+00 -4.791253566741943359e+00 6.692741513252258301e-01
-7.547264099121093750e+00 -4.735683917999267578e+00 6.594615578651428223e-01
-7.501960754394531250e+00 -5.173635005950927734e+00 6.570248603820800781e-01
-7.467847824096679688e+00 -4.615238189697265625e+00 6.259921789169311523e-01
-7.471446990966796875e+00 -4.589448928833007812e+00 6.567847728729248047e-01
-7.258102893829345703e+00 -4.737828731536865234e+00 6.905468702316284180e-01
-7.604401588439941406e+00 -4.814875125885009766e+00 6.573476791381835938e-01
-7.417465686798095703e+00 -4.811283588409423828e+00 6.904713511466979980e-01
-7.305991172790527344e+00 -4.997899055480957031e+00 6.913636922836303711e-01
-7.198332786560058594e+00 -4.825453758239746094e+00 6.918685436248779297e-01
-7.386603355407714844e+00 -4.880196571350097656e+00 6.906157732009887695e-01
-7.701281070709228516e+00 -4.795685291290283203e+00 6.266322731971740723e-01
-7.707087516784667969e+00 -4.807151317596435547e+00 6.180926561355590820e-01
-7.745698451995849609e+00 -4.828979015350341797e+00 6.257706284523010254e-01
-7.244008064270019531e+00 -4.762920379638671875e+00 6.577815413475036621e-01
-7.308783054351806641e+00 -4.703456878662109375e+00 6.881284713745117188e-01
-7.363004684448242188e+00 -4.906495094299316406e+00 6.910079717636108398e-01
-7.449294090270996094e+00 -5.108898162841796875e+00 6.581141352653503418e-01
-7.449240207672119141e+00 -4.580162525177001953e+00 6.570113301277160645e-01
-7.493621826171875000e+00 -5.111841201782226562e+00 6.590851545333862305e-01
-7.354427337646484375e+00 -5.206398010253906250e+00 6.590754389762878418e-01
-7.349467277526855469e+00 -5.224342346191406250e+00 6.599433422088623047e-01
-7.374095916748046875e+00 -5.025291442871093750e+00 6.913757920265197754e-01
-7.484207630157470703e+00 -5.170845985412597656e+00 6.920726895332336426e-01
-7.504960536956787109e+00 -5.163273334503173828e+00 6.923199892044067383e-01
-7.339025497436523438e+00 -5.198956966400146484e+00 6.933634877204895020e-01
-7.650832653045654297e+00 -4.738573551177978516e+00 6.572065949440002441e-01
-7.738778591156005859e+00 -4.832096576690673828e+00 5.996150374412536621e-01
-7.751127719879150391e+00 -4.833988189697265625e+00 5.983554720878601074e-01
-7.312907218933105469e+00 -5.170975208282470703e+00 6.915776729583740234e-01
-7.332315921783447266e+00 -5.169152736663818359e+00 6.915342807769775391e-01
-7.399174213409423828e+00 -4.945064067840576172e+00 6.911116838455200195e-01
-7.767037391662597656e+00 -4.845428943634033203e+00 6.270610094070434570e-01
-7.662119865417480469e+00 -4.765164852142333984e+00 6.667624711990356445e-01
-7.513395786285400391e+00 -4.789699077606201172e+00 6.708816885948181152e-01
-7.544171333312988281e+00 -4.796498298645019531e+00 6.669895052909851074e-01
-7.552274227142333984e+00 -4.809405326843261719e+00 6.579058766365051270e-01
-7.571945667266845703e+00 -4.790940761566162109e+00 6.688802838325500488e-01
-7.713164329528808594e+00 -4.799402713775634766e+00 6.618803143501281738e-01
-7.139070034027099609e+00 -4.886933326721191406e+00 6.642727255821228027e-01
-7.341444015502929688e+00 -4.769054412841796875e+00 6.846064925193786621e-01
-7.365613460540771484e+00 -4.767697811126708984e+00 6.845661997795104980e-01
-7.394222259521484375e+00 -4.767947673797607422e+00 6.839859485626220703e-01
-7.413862228393554688e+00 -4.768310546875000000e+00 6.830469965934753418e-01
-7.268475055694580078e+00 -4.944446563720703125e+00 6.903122067451477051e-01
-7.696777820587158203e+00 -4.810086250305175781e+00 6.621618270874023438e-01
-7.648359298706054688e+00 -4.771346092224121094e+00 6.189053058624267578e-01
-7.430806159973144531e+00 -5.153522491455078125e+00 6.929949522018432617e-01
-7.450679302215576172e+00 -5.154608726501464844e+00 6.929691433906555176e-01
-7.394312858581542969e+00 -4.648290634155273438e+00 6.943179965019226074e-01
-7.475741386413574219e+00 -4.791415214538574219e+00 6.919881701469421387e-01
-7.503097534179687500e+00 -4.744263648986816406e+00 6.919474005699157715e-01
-7.257262229919433594e+00 -4.739173412322998047e+00 6.561246514320373535e-01
-7.413902759552001953e+00 -4.649246692657470703e+00 6.924096941947937012e-01
-7.466113090515136719e+00 -4.648154258728027344e+00 6.880725026130676270e-01
-7.369974136352539062e+00 -5.163467407226562500e+00 6.914088129997253418e-01
-7.391814231872558594e+00 -5.163290023803710938e+00 6.910934448242187500e-01
-7.395502090454101562e+00 -4.736759662628173828e+00 6.828055977821350098e-01
-7.418595314025878906e+00 -5.087750434875488281e+00 6.593729257583618164e-01
-7.453238010406494141e+00 -5.035140037536621094e+00 6.581748723983764648e-01
-7.567811012268066406e+00 -4.677954196929931641e+00 6.560359001159667969e-01
-7.424319744110107422e+00 -5.017713069915771484e+00 6.919198632240295410e-01
-7.454843521118164062e+00 -5.026404380798339844e+00 6.922649741172790527e-01
-7.474358081817626953e+00 -5.025611400604248047e+00 6.904489398002624512e-01
-7.534873008728027344e+00 -4.667201519012451172e+00 6.907682418823242188e-01
-7.414974689483642578e+00 -4.865326404571533203e+00 6.909425258636474609e-01
-7.587610721588134766e+00 -4.714820861816406250e+00 6.261597275733947754e-01
-7.418836593627929688e+00 -4.963614463806152344e+00 6.599205732345581055e-01
-7.369778156280517578e+00 -4.647568225860595703e+00 6.890208125114440918e-01
-7.048097133636474609e+00 -5.015635490417480469e+00 6.911283731460571289e-01
-7.372040748596191406e+00 -4.618041515350341797e+00 6.883760094642639160e-01
-7.389940261840820312e+00 -4.613125801086425781e+00 6.883991360664367676e-01
-7.365487098693847656e+00 -4.767229557037353516e+00 6.910328865051269531e-01
-7.053034305572509766e+00 -5.012773990631103516e+00 6.440523862838745117e-01
-7.567101478576660156e+00 -4.796945095062255859e+00 6.579214930534362793e-01
-7.640439510345458984e+00 -4.792913436889648438e+00 6.580666303634643555e-01
-7.174800872802734375e+00 -5.025900840759277344e+00 6.918570399284362793e-01
-7.282316207885742188e+00 -5.020316123962402344e+00 6.915197968482971191e-01
-7.297432899475097656e+00 -5.021746635437011719e+00 6.904789209365844727e-01
-7.277135848999023438e+00 -5.077256202697753906e+00 6.922080516815185547e-01
-7.295096397399902344e+00 -5.076506614685058594e+00 6.919258236885070801e-01
-7.331891059875488281e+00 -4.923316478729248047e+00 6.919189691543579102e-01
-7.401998043060302734e+00 -4.729791164398193359e+00 6.909274458885192871e-01
-7.135279178619384766e+00 -4.887717723846435547e+00 6.924751400947570801e-01
-7.496158123016357422e+00 -4.922347545623779297e+00 6.550376415252685547e-01
-7.460540771484375000e+00 -4.957086563110351562e+00 6.910555362701416016e-01
-7.139332294464111328e+00 -4.848940849304199219e+00 6.534020900726318359e-01
-7.465895175933837891e+00 -4.908998012542724609e+00 6.594356298446655273e-01
-7.518325805664062500e+00 -4.775699138641357422e+00 6.586480736732482910e-01
-7.465164661407470703e+00 -4.859282493591308594e+00 6.578590273857116699e-01
-7.453584194183349609e+00 -4.605069160461425781e+00 6.960408687591552734e-01
-7.477218627929687500e+00 -4.693270683288574219e+00 6.927602887153625488e-01
-7.398283004760742188e+00 -5.236807346343994141e+00 6.911368370056152344e-01
-7.346971988677978516e+00 -4.644845962524414062e+00 6.870996356010437012e-01
-7.661988735198974609e+00 -4.767065525054931641e+00 6.270290017127990723e-01
-7.507696151733398438e+00 -4.771935939788818359e+00 6.906377077102661133e-01
-7.475170612335205078e+00 -5.004915237426757812e+00 6.923313736915588379e-01
-7.539727687835693359e+00 -4.762832641601562500e+00 6.903788447380065918e-01
-7.367331504821777344e+00 -5.126696586608886719e+00 6.913585662841796875e-01
-7.474561214447021484e+00 -4.808934211730957031e+00 6.904742121696472168e-01
-7.129459381103515625e+00 -4.899184703826904297e+00 6.278824210166931152e-01
-7.263157844543457031e+00 -4.992752075195312500e+00 6.901776790618896484e-01
-7.059175014495849609e+00 -4.994638919830322266e+00 6.281134486198425293e-01
-7.114496707916259766e+00 -4.929658412933349609e+00 6.555359363555908203e-01
-7.783695697784423828e+00 -4.858610630035400391e+00 6.253141164779663086e-01
-7.370039939880371094e+00 -4.648109436035156250e+00 6.953026056289672852e-01
-7.504300594329833984e+00 -4.665507316589355469e+00 6.911973953247070312e-01
-7.396759986877441406e+00 -4.903049468994140625e+00 6.906476616859436035e-01
-7.253552913665771484e+00 -5.137543678283691406e+00 6.909750699996948242e-01
-7.483867645263671875e+00 -4.817674160003662109e+00 6.593546271324157715e-01
-7.564445495605468750e+00 -4.681726932525634766e+00 6.901745796203613281e-01
-7.472867012023925781e+00 -4.923150062561035156e+00 6.906004548072814941e-01
-7.168849945068359375e+00 -4.855287551879882812e+00 6.921799182891845703e-01
-7.485151290893554688e+00 -4.734910488128662109e+00 6.791113018989562988e-01
-7.514607906341552734e+00 -4.728996276855468750e+00 6.810565590858459473e-01
-7.536137104034423828e+00 -4.737635135650634766e+00 6.756330132484436035e-01
-7.280665874481201172e+00 -4.732464790344238281e+00 6.862353682518005371e-01
-7.305589675903320312e+00 -4.732931137084960938e+00 6.857241392135620117e-01
-7.323859214782714844e+00 -4.653761863708496094e+00 6.564549207687377930e-01
-7.522945880889892578e+00 -4.637272834777832031e+00 6.556845307350158691e-01
-7.504347324371337891e+00 -5.138758182525634766e+00 6.915761232376098633e-01
-7.497667312622070312e+00 -4.882095813751220703e+00 6.560630202293395996e-01
-7.390843868255615234e+00 -4.985038280487060547e+00 6.904720664024353027e-01
-7.198881626129150391e+00 -4.790205001831054688e+00 6.500783562660217285e-01
-7.455933570861816406e+00 -4.732112884521484375e+00 6.813791990280151367e-01
-7.478649139404296875e+00 -4.717832088470458984e+00 6.920008063316345215e-01
-7.448811054229736328e+00 -4.968243122100830078e+00 6.592345833778381348e-01
-7.403068542480468750e+00 -5.144438743591308594e+00 6.569767594337463379e-01
-7.415728569030761719e+00 -4.903386592864990234e+00 6.909790039062500000e-01
-7.450510501861572266e+00 -4.908308029174804688e+00 6.923853158950805664e-01
-7.484824180603027344e+00 -4.673528671264648438e+00 6.914007663726806641e-01
-7.456746578216552734e+00 -4.674983501434326172e+00 6.919860839843750000e-01
-7.368864536285400391e+00 -5.087141036987304688e+00 6.916218996047973633e-01
-7.390882492065429688e+00 -5.097689628601074219e+00 6.906216740608215332e-01
-7.453155040740966797e+00 -5.116761684417724609e+00 6.922274827957153320e-01
-7.447410106658935547e+00 -4.865705013275146484e+00 6.904292106628417969e-01
-7.549906253814697266e+00 -4.759827613830566406e+00 6.583839654922485352e-01
-7.584268093109130859e+00 -4.765112876892089844e+00 6.582691073417663574e-01
-7.472480773925781250e+00 -5.245126247406005859e+00 6.584342718124389648e-01
-7.681691646575927734e+00 -4.768304347991943359e+00 6.265023946762084961e-01
-7.506075859069824219e+00 -5.155942916870117188e+00 6.590250134468078613e-01
-7.432944774627685547e+00 -5.137689590454101562e+00 6.588013768196105957e-01
-7.447170257568359375e+00 -5.148585796356201172e+00 6.588702201843261719e-01
-7.503216266632080078e+00 -4.644019603729248047e+00 6.865071058273315430e-01
-7.706155776977539062e+00 -4.795636177062988281e+00 6.577994823455810547e-01
-7.714577198028564453e+00 -4.799072742462158203e+00 6.572038531303405762e-01
-7.312445163726806641e+00 -5.190382003784179688e+00 6.905868649482727051e-01
-7.457659244537353516e+00 -4.767312049865722656e+00 6.789745688438415527e-01
-7.478853702545166016e+00 -4.768883705139160156e+00 6.773734092712402344e-01
-7.362836837768554688e+00 -4.719928264617919922e+00 6.914711594581604004e-01
-7.191789150238037109e+00 -5.101621150970458984e+00 6.909773349761962891e-01
-7.395410537719726562e+00 -4.670622825622558594e+00 6.859752535820007324e-01
-7.398354053497314453e+00 -4.669940948486328125e+00 6.923165917396545410e-01
-7.363436222076416016e+00 -5.232891082763671875e+00 6.569669842720031738e-01
-7.406518936157226562e+00 -5.209428787231445312e+00 6.594027876853942871e-01
-7.603165626525878906e+00 -4.707561016082763672e+00 6.570597887039184570e-01
-7.224177360534667969e+00 -4.767984867095947266e+00 6.555696725845336914e-01
-7.289530277252197266e+00 -4.708997249603271484e+00 6.787706613540649414e-01
-7.445955276489257812e+00 -4.849792003631591797e+00 6.917307972908020020e-01
-7.386121273040771484e+00 -4.766225337982177734e+00 6.908121705055236816e-01
-7.083065986633300781e+00 -4.981270790100097656e+00 6.579630374908447266e-01
-7.403250217437744141e+00 -5.237797260284423828e+00 6.573483943939208984e-01
-7.450504302978515625e+00 -5.176141738891601562e+00 6.595072746276855469e-01
-7.449550151824951172e+00 -5.227018356323242188e+00 6.584819555282592773e-01
-7.510887145996093750e+00 -4.713325023651123047e+00 6.910834908485412598e-01
-7.468039512634277344e+00 -4.646364212036132812e+00 6.945762634277343750e-01
-7.480593204498291016e+00 -4.645832061767578125e+00 6.942849159240722656e-01
-7.339529991149902344e+00 -4.994045257568359375e+00 6.915627121925354004e-01
-7.360461711883544922e+00 -4.993221759796142578e+00 6.910159587860107422e-01
-7.358187198638916016e+00 -4.930108070373535156e+00 6.907768249511718750e-01
-7.382226943969726562e+00 -4.590582370758056641e+00 6.510439515113830566e-01
-7.583939552307128906e+00 -4.707533836364746094e+00 6.278887391090393066e-01
-7.424962997436523438e+00 -5.240416049957275391e+00 6.558346748352050781e-01
-7.767543792724609375e+00 -4.863947391510009766e+00 6.182382106781005859e-01
-7.511809349060058594e+00 -4.690077304840087891e+00 6.915333867073059082e-01
-7.445032596588134766e+00 -4.788490772247314453e+00 6.915163397789001465e-01
-7.432562351226806641e+00 -5.117497444152832031e+00 6.922115683555603027e-01
-7.299350738525390625e+00 -4.904371738433837891e+00 6.908226013183593750e-01
-7.387882709503173828e+00 -4.806106567382812500e+00 6.915619373321533203e-01
-7.389873981475830078e+00 -4.840667247772216797e+00 6.905533671379089355e-01
-7.616686820983886719e+00 -4.797595977783203125e+00 6.638291478157043457e-01
-7.444610118865966797e+00 -5.257660865783691406e+00 6.569814085960388184e-01
-7.420702934265136719e+00 -4.937779426574707031e+00 6.587600708007812500e-01
-7.738709926605224609e+00 -4.832545280456542969e+00 6.342034935951232910e-01
-7.550625324249267578e+00 -4.675096511840820312e+00 6.804761290550231934e-01
-7.388834476470947266e+00 -4.704910755157470703e+00 6.875212788581848145e-01
-7.426546573638916016e+00 -4.703187942504882812e+00 6.856554746627807617e-01
-7.427968025207519531e+00 -5.002676963806152344e+00 6.588801145553588867e-01
-7.476055145263671875e+00 -4.618255615234375000e+00 6.269953250885009766e-01
-7.367444038391113281e+00 -5.144686698913574219e+00 6.907746791839599609e-01
-7.446154117584228516e+00 -4.818083286285400391e+00 6.903156042098999023e-01
-7.431318283081054688e+00 -4.929336071014404297e+00 6.912494301795959473e-01
-7.451568603515625000e+00 -4.927367687225341797e+00 6.907664537429809570e-01
-7.528218269348144531e+00 -4.653318405151367188e+00 6.587415933609008789e-01
-7.358820915222167969e+00 -5.184535026550292969e+00 6.560919284820556641e-01
-7.228350639343261719e+00 -4.769160747528076172e+00 6.631793379783630371e-01
-7.466807842254638672e+00 -5.099727630615234375e+00 6.582843065261840820e-01
-7.475105762481689453e+00 -4.589780807495117188e+00 6.655252575874328613e-01
-7.645799636840820312e+00 -4.756279468536376953e+00 5.959958434104919434e-01
-7.471046924591064453e+00 -5.001492023468017578e+00 6.596060395240783691e-01
-7.478482723236083984e+00 -4.752868652343750000e+00 6.917754411697387695e-01
-7.291861534118652344e+00 -4.711948394775390625e+00 6.581871509552001953e-01
-7.415097236633300781e+00 -5.172502994537353516e+00 6.915578842163085938e-01
-7.658627510070800781e+00 -4.760318756103515625e+00 5.953975915908813477e-01
-7.493431091308593750e+00 -4.634842872619628906e+00 6.246536970138549805e-01
-7.412467956542968750e+00 -5.255114078521728516e+00 6.582947373390197754e-01
-7.533728599548339844e+00 -4.646317481994628906e+00 6.739684343338012695e-01
-7.361752033233642578e+00 -4.672864437103271484e+00 6.877609491348266602e-01
-7.502138614654541016e+00 -4.612905025482177734e+00 6.540561318397521973e-01
-7.423150062561035156e+00 -4.572174549102783203e+00 6.805755496025085449e-01
-7.444119930267333984e+00 -5.005483150482177734e+00 6.920095682144165039e-01
-7.480476379394531250e+00 -4.867573738098144531e+00 6.908308267593383789e-01
-7.394294261932373047e+00 -4.910407066345214844e+00 6.813594102859497070e-01
-7.262229919433593750e+00 -4.748660087585449219e+00 6.566771268844604492e-01
-7.404177188873291016e+00 -4.649213790893554688e+00 6.888179183006286621e-01
-7.267648220062255859e+00 -4.736405849456787109e+00 6.574381589889526367e-01
-7.703377246856689453e+00 -4.806763648986816406e+00 5.975712537765502930e-01
-7.429632186889648438e+00 -5.200693607330322266e+00 6.589438915252685547e-01
-7.494657039642333984e+00 -5.194331169128417969e+00 6.738871932029724121e-01
-7.666621685028076172e+00 -4.785344123840332031e+00 6.692585349082946777e-01
-7.423669815063476562e+00 -4.725384712219238281e+00 6.855273246765136719e-01
-7.448709964752197266e+00 -5.090260028839111328e+00 6.927668452262878418e-01
-7.528115272521972656e+00 -4.726291656494140625e+00 6.592832803726196289e-01
-7.316724300384521484e+00 -4.672503948211669922e+00 6.852117776870727539e-01
-7.457346916198730469e+00 -5.047019004821777344e+00 6.926937103271484375e-01
-7.597559928894042969e+00 -4.704887390136718750e+00 6.717349886894226074e-01
-7.371309280395507812e+00 -5.204464912414550781e+00 6.920427083969116211e-01
