-6.011818885803222656e+00 -2.900755167007446289e+00 9.520577788352966309e-01
-5.995815277099609375e+00 -2.903134822845458984e+00 9.511507153511047363e-01
-6.013391971588134766e+00 -2.900816440582275391e+00 9.638702273368835449e-01
-5.974819183349609375e+00 -2.982176542282104492e+00 8.833752870559692383e-01
-5.991784095764160156e+00 -2.957250833511352539e+00 8.948294520378112793e-01
-6.008379459381103516e+00 -2.950080871582031250e+00 8.971478939056396484e-01
-6.003956317901611328e+00 -2.989790678024291992e+00 8.788861632347106934e-01
-6.030830383300781250e+00 -2.888863801956176758e+00 9.546029567718505859e-01
-6.007591247558593750e+00 -2.943293809890747070e+00 9.011980891227722168e-01
-5.996982574462890625e+00 -2.945017337799072266e+00 9.013316035270690918e-01
-5.991136550903320312e+00 -2.918568372726440430e+00 9.373086094856262207e-01
-5.966969490051269531e+00 -2.994262933731079102e+00 8.721667528152465820e-01
-6.004270553588867188e+00 -2.913105487823486328e+00 9.361711740493774414e-01
-6.008833408355712891e+00 -2.930446624755859375e+00 8.966549038887023926e-01
-5.997382640838623047e+00 -2.932072162628173828e+00 8.962847590446472168e-01
-5.974276065826416016e+00 -2.961850404739379883e+00 8.685745596885681152e-01
-5.985157489776611328e+00 -2.937289476394653320e+00 8.686653971672058105e-01
-6.032928466796875000e+00 -2.919596910476684570e+00 8.842654228210449219e-01
-5.962856292724609375e+00 -2.960187673568725586e+00 8.628088831901550293e-01
-6.022869586944580078e+00 -2.892245531082153320e+00 8.917968273162841797e-01
-5.975057601928710938e+00 -2.974387645721435547e+00 8.685718774795532227e-01
-5.966975688934326172e+00 -2.938491821289062500e+00 8.637378215789794922e-01
-6.014939308166503906e+00 -2.882936477661132812e+00 8.684734702110290527e-01
-6.030555725097656250e+00 -2.879235506057739258e+00 8.759395480155944824e-01
-6.013471126556396484e+00 -2.878422260284423828e+00 8.569278120994567871e-01
-6.032893657684326172e+00 -2.879483222961425781e+00 8.634189963340759277e-01
-5.996305465698242188e+00 -2.879637718200683594e+00 8.606013655662536621e-01
-6.040442466735839844e+00 -2.887855768203735352e+00 8.334963321685791016e-01
-5.975686073303222656e+00 -2.975490570068359375e+00 9.006873369216918945e-01
-6.007665634155273438e+00 -2.934157133102416992e+00 9.035967588424682617e-01
-5.998320579528808594e+00 -2.934773445129394531e+00 9.044624567031860352e-01
-6.011760234832763672e+00 -2.878777027130126953e+00 8.352654576301574707e-01
-6.026941299438476562e+00 -2.881113529205322266e+00 8.354839086532592773e-01
-6.031255722045898438e+00 -2.879539012908935547e+00 8.324277400970458984e-01
-5.999212265014648438e+00 -2.877543926239013672e+00 8.328804969787597656e-01
-6.031988143920898438e+00 -2.946046590805053711e+00 8.835054039955139160e-01
-6.043805122375488281e+00 -2.916285037994384766e+00 8.479742407798767090e-01
-5.998743057250976562e+00 -2.879467487335205078e+00 8.707869052886962891e-01
-6.031094551086425781e+00 -2.917831420898437500e+00 9.351925849914550781e-01
-6.032563686370849609e+00 -2.911393165588378906e+00 9.161737561225891113e-01
-6.023476600646972656e+00 -2.877149820327758789e+00 9.490763545036315918e-01
-6.032278537750244141e+00 -2.942947149276733398e+00 9.013010859489440918e-01
-6.036148071289062500e+00 -2.887907981872558594e+00 9.008861780166625977e-01
-5.987532615661621094e+00 -2.896114587783813477e+00 8.690263032913208008e-01
-6.014248847961425781e+00 -2.879531383514404297e+00 8.788414001464843750e-01
-5.993329048156738281e+00 -2.887061357498168945e+00 8.342790007591247559e-01
-5.992284297943115234e+00 -2.896555662155151367e+00 8.751679062843322754e-01
-6.036432266235351562e+00 -2.890728950500488281e+00 8.910656571388244629e-01
-6.009945392608642578e+00 -2.907422780990600586e+00 9.277283549308776855e-01
-6.000727653503417969e+00 -2.931566238403320312e+00 8.693455457687377930e-01
-5.967010498046875000e+00 -2.959587574005126953e+00 8.710256814956665039e-01
-6.039263248443603516e+00 -2.885376930236816406e+00 8.688322901725769043e-01
