-7.992485523223876953e+00 -3.584560632705688477e+00 7.211304306983947754e-01
-7.996934413909912109e+00 -3.552152395248413086e+00 7.242844104766845703e-01
-7.973299503326416016e+00 -3.520023584365844727e+00 7.254154682159423828e-01
-8.064234733581542969e+00 -3.433835506439208984e+00 7.340057492256164551e-01
-8.074889183044433594e+00 -3.427369832992553711e+00 7.390348315238952637e-01
-8.061111450195312500e+00 -3.401321887969970703e+00 7.361537218093872070e-01
-7.991044521331787109e+00 -3.585128545761108398e+00 7.137248516082763672e-01
-7.993836402893066406e+00 -3.551070213317871094e+00 7.152718901634216309e-01
-7.972475051879882812e+00 -3.561668395996093750e+00 7.146589756011962891e-01
-8.075797080993652344e+00 -3.405434846878051758e+00 7.681484222412109375e-01
-8.067782402038574219e+00 -3.401821851730346680e+00 7.647558450698852539e-01
-8.066807746887207031e+00 -3.436913728713989258e+00 7.641141414642333984e-01
-8.076884269714355469e+00 -3.428006172180175781e+00 7.651931643486022949e-01
-8.073072433471679688e+00 -3.388526678085327148e+00 7.689167857170104980e-01
-7.987564086914062500e+00 -3.459189176559448242e+00 7.211617827415466309e-01
-7.947826862335205078e+00 -3.453301429748535156e+00 7.117835283279418945e-01
-8.076249122619628906e+00 -3.451906681060791016e+00 7.318900823593139648e-01
-8.014240264892578125e+00 -3.558095932006835938e+00 7.090368270874023438e-01
-8.013208389282226562e+00 -3.507661581039428711e+00 7.091915011405944824e-01
-8.016594886779785156e+00 -3.561136484146118164e+00 7.212579846382141113e-01
-8.101718902587890625e+00 -3.436464309692382812e+00 7.768282890319824219e-01
-8.071039199829101562e+00 -3.388589382171630859e+00 7.328431606292724609e-01
-8.014685630798339844e+00 -3.518651247024536133e+00 7.058200836181640625e-01
-8.087861061096191406e+00 -3.453492403030395508e+00 7.551653385162353516e-01
-8.102661132812500000e+00 -3.405190467834472656e+00 7.826692461967468262e-01
-8.046441078186035156e+00 -3.420247077941894531e+00 7.139189243316650391e-01
-8.014675140380859375e+00 -3.473745584487915039e+00 6.989822387695312500e-01
-8.066340446472167969e+00 -3.451084852218627930e+00 7.412362098693847656e-01
-8.079350471496582031e+00 -3.406818628311157227e+00 7.865867614746093750e-01
-8.079735755920410156e+00 -3.425472974777221680e+00 7.837966084480285645e-01
-8.068375587463378906e+00 -3.404179573059082031e+00 7.853091955184936523e-01
-8.023382186889648438e+00 -3.408851623535156250e+00 7.126219868659973145e-01
-8.026555061340332031e+00 -3.382139205932617188e+00 7.165746092796325684e-01
-7.993503570556640625e+00 -3.495926380157470703e+00 7.131288647651672363e-01
-7.974896907806396484e+00 -3.459468603134155273e+00 7.084541320800781250e-01
-7.993990898132324219e+00 -3.433586120605468750e+00 7.056992053985595703e-01
-7.995294094085693359e+00 -3.375975847244262695e+00 7.154878973960876465e-01
-7.984840869903564453e+00 -3.454524040222167969e+00 7.047987580299377441e-01
-7.983780860900878906e+00 -3.515429735183715820e+00 7.266001701354980469e-01
-7.997602462768554688e+00 -3.495764970779418945e+00 7.256181836128234863e-01
-7.973508358001708984e+00 -3.465381145477294922e+00 7.280749082565307617e-01
-8.004876136779785156e+00 -3.427996873855590820e+00 7.238168716430664062e-01
-8.003472328186035156e+00 -3.412744283676147461e+00 7.260185480117797852e-01
-8.026051521301269531e+00 -3.404347896575927734e+00 7.239512205123901367e-01
-8.030473709106445312e+00 -3.382507324218750000e+00 7.252151370048522949e-01
-8.018712997436523438e+00 -3.422996044158935547e+00 7.340941429138183594e-01
-8.044596672058105469e+00 -3.385445594787597656e+00 7.246270775794982910e-01
-7.985732078552246094e+00 -3.520834922790527344e+00 7.130767107009887695e-01
-7.976425170898437500e+00 -3.516883373260498047e+00 7.151046991348266602e-01
-7.977607727050781250e+00 -3.499406576156616211e+00 7.140128016471862793e-01
-8.101641654968261719e+00 -3.436223030090332031e+00 7.852208018302917480e-01
-8.025477409362792969e+00 -3.409446001052856445e+00 7.555522918701171875e-01
-8.061457633972167969e+00 -3.388137340545654297e+00 7.887583374977111816e-01
-7.978592872619628906e+00 -3.389332771301269531e+00 7.207819223403930664e-01
-8.014039993286132812e+00 -3.421643018722534180e+00 7.141912579536437988e-01
-8.050982475280761719e+00 -3.387496948242187500e+00 7.167338132858276367e-01
-8.065673828125000000e+00 -3.424041509628295898e+00 7.850605249404907227e-01
-8.036791801452636719e+00 -3.435061454772949219e+00 7.553068995475769043e-01
-7.975471496582031250e+00 -3.409971475601196289e+00 7.238953709602355957e-01
-8.102806091308593750e+00 -3.405298709869384766e+00 7.770721912384033203e-01
-7.978252410888671875e+00 -3.389212608337402344e+00 7.154378890991210938e-01
-8.063664436340332031e+00 -3.451695442199707031e+00 7.540869116783142090e-01
-7.963489055633544922e+00 -3.566809892654418945e+00 7.258567810058593750e-01
-7.991216182708740234e+00 -3.375037908554077148e+00 7.204852700233459473e-01
-7.975442409515380859e+00 -3.412737131118774414e+00 7.151548862457275391e-01
-8.058925628662109375e+00 -3.382921218872070312e+00 7.664809226989746094e-01
-7.976027965545654297e+00 -3.444539546966552734e+00 7.082653045654296875e-01
-8.075183868408203125e+00 -3.388815164566040039e+00 7.833549380302429199e-01
-8.003198623657226562e+00 -3.396360397338867188e+00 7.114309668540954590e-01
-8.073064804077148438e+00 -3.407219409942626953e+00 7.410181164741516113e-01
-8.045789718627929688e+00 -3.395362854003906250e+00 7.164151668548583984e-01
-8.012923240661621094e+00 -3.585668563842773438e+00 7.275289297103881836e-01
-7.974848747253417969e+00 -3.445205211639404297e+00 7.245500087738037109e-01
