-8.003641128540039062e+00 -3.829166889190673828e+00 7.534556388854980469e-01
-8.012007713317871094e+00 -3.826612710952758789e+00 7.547315955162048340e-01
-7.978712081909179688e+00 -3.918970346450805664e+00 7.360660433769226074e-01
-7.977786064147949219e+00 -3.881256103515625000e+00 7.344743013381958008e-01
-7.989126682281494141e+00 -3.892390012741088867e+00 7.391495704650878906e-01
-7.977142333984375000e+00 -3.865887165069580078e+00 7.348861098289489746e-01
-7.985545158386230469e+00 -3.852642059326171875e+00 7.376462221145629883e-01
-7.995475769042968750e+00 -3.853380441665649414e+00 7.541218996047973633e-01
-8.012432098388671875e+00 -3.818425655364990234e+00 7.474540472030639648e-01
-7.999342918395996094e+00 -3.790585994720458984e+00 7.530279159545898438e-01
-7.990902900695800781e+00 -3.822470188140869141e+00 7.421252727508544922e-01
-8.016241073608398438e+00 -3.976296663284301758e+00 7.477789521217346191e-01
-7.977392673492431641e+00 -4.035228252410888672e+00 7.271541953086853027e-01
-8.028845787048339844e+00 -3.824140071868896484e+00 8.064396977424621582e-01
-8.026824951171875000e+00 -3.798958539962768555e+00 8.315785527229309082e-01
-7.977555274963378906e+00 -3.824353933334350586e+00 7.302640080451965332e-01
-7.978389739990234375e+00 -3.800476789474487305e+00 7.344511151313781738e-01
-7.986894607543945312e+00 -3.795188903808593750e+00 7.417643070220947266e-01
-7.992865562438964844e+00 -3.769053220748901367e+00 7.521449327468872070e-01
-8.011433601379394531e+00 -3.777351379394531250e+00 7.519392967224121094e-01
-7.988691329956054688e+00 -3.768783569335937500e+00 7.439804077148437500e-01
-7.999741077423095703e+00 -3.974654197692871094e+00 7.507063746452331543e-01
-8.002128601074218750e+00 -3.943807601928710938e+00 7.528848052024841309e-01
-8.027141571044921875e+00 -3.946284770965576172e+00 7.540981173515319824e-01
-8.046097755432128906e+00 -3.951360940933227539e+00 7.554455399513244629e-01
-7.990178585052490234e+00 -4.038041114807128906e+00 7.376343607902526855e-01
-7.989151477813720703e+00 -4.003457546234130859e+00 7.394136190414428711e-01
-7.992031574249267578e+00 -3.973693132400512695e+00 7.384799122810363770e-01
-7.999024868011474609e+00 -3.881478071212768555e+00 7.534579038619995117e-01
-7.989246368408203125e+00 -3.946180582046508789e+00 7.381216883659362793e-01
-8.011408805847167969e+00 -3.846423864364624023e+00 7.569572925567626953e-01
-7.988459110260009766e+00 -3.914952039718627930e+00 7.405068278312683105e-01
-8.016071319580078125e+00 -3.790766477584838867e+00 7.515610456466674805e-01
-8.018297195434570312e+00 -4.011652946472167969e+00 7.540657520294189453e-01
-8.024384498596191406e+00 -3.973212003707885742e+00 7.525509595870971680e-01
-8.059625625610351562e+00 -3.980719566345214844e+00 7.527611255645751953e-01
-7.977133750915527344e+00 -3.976574897766113281e+00 7.303384542465209961e-01
-7.997420787811279297e+00 -3.912557363510131836e+00 7.526208162307739258e-01
-8.012028694152832031e+00 -3.891081333160400391e+00 7.521985769271850586e-01
-7.998292922973632812e+00 -3.977966785430908203e+00 7.197939157485961914e-01
-8.052616119384765625e+00 -4.008970737457275391e+00 7.459509968757629395e-01
-8.056755065917968750e+00 -4.008232116699218750e+00 7.531169056892395020e-01
-8.073971748352050781e+00 -3.982637166976928711e+00 7.534840703010559082e-01
-8.082850456237792969e+00 -4.001492500305175781e+00 7.529685497283935547e-01
-8.107601165771484375e+00 -4.011835575103759766e+00 7.517986893653869629e-01
-8.055416107177734375e+00 -3.824585914611816406e+00 8.217730522155761719e-01
-8.003818511962890625e+00 -4.029233455657958984e+00 7.532378435134887695e-01
-8.033493041992187500e+00 -4.028045654296875000e+00 7.528766989707946777e-01
-8.051836967468261719e+00 -4.029411792755126953e+00 7.525478601455688477e-01
-8.086812019348144531e+00 -4.026196479797363281e+00 7.520011663436889648e-01
-8.085253715515136719e+00 -4.027043342590332031e+00 7.481155395507812500e-01
-7.992085933685302734e+00 -4.023185729980468750e+00 7.195972800254821777e-01
-8.016530990600585938e+00 -3.916173458099365234e+00 7.539533376693725586e-01
-8.027421951293945312e+00 -3.935621023178100586e+00 7.467427849769592285e-01
-8.040318489074707031e+00 -3.935040235519409180e+00 7.455092072486877441e-01
-7.974971771240234375e+00 -3.995727539062500000e+00 7.285228967666625977e-01
-8.052037239074707031e+00 -3.824823856353759766e+00 8.764966726303100586e-01
-8.054561614990234375e+00 -3.852602958679199219e+00 8.649798631668090820e-01
-8.019161224365234375e+00 -3.922259807586669922e+00 7.484273910522460938e-01
-8.090883255004882812e+00 -3.999136924743652344e+00 7.466146349906921387e-01
-8.106594085693359375e+00 -4.010917663574218750e+00 7.471846342086791992e-01
-7.985454082489013672e+00 -4.051599979400634766e+00 7.377491593360900879e-01
-8.000263214111328125e+00 -4.007698059082031250e+00 7.524043321609497070e-01
-8.026044845581054688e+00 -4.004955768585205078e+00 7.463201284408569336e-01
-8.036527633666992188e+00 -3.827321767807006836e+00 8.649794459342956543e-01
-8.018323898315429688e+00 -3.861325740814208984e+00 7.444388270378112793e-01
-8.028832435607910156e+00 -3.821319818496704102e+00 8.273013830184936523e-01
-7.997048377990722656e+00 -4.003135681152343750e+00 7.190545797348022461e-01
-8.012903213500976562e+00 -3.893460512161254883e+00 7.473129630088806152e-01
-8.075367927551269531e+00 -3.818096160888671875e+00 8.810545206069946289e-01
-8.061574935913085938e+00 -3.851161479949951172e+00 8.764966130256652832e-01
-8.075899124145507812e+00 -3.854160785675048828e+00 8.797305226325988770e-01
-8.076218605041503906e+00 -3.880469799041748047e+00 8.591182231903076172e-01
-8.031673431396484375e+00 -4.022350311279296875e+00 7.485178709030151367e-01
-8.062550544738769531e+00 -3.985426902770996094e+00 7.486538290977478027e-01
-8.073794364929199219e+00 -3.851904869079589844e+00 8.586958050727844238e-01
-8.080167770385742188e+00 -3.806075811386108398e+00 8.778155446052551270e-01
-8.064031600952148438e+00 -3.872551202774047852e+00 8.546836972236633301e-01
-7.979228973388671875e+00 -3.767742156982421875e+00 7.397175431251525879e-01
-7.989212989807128906e+00 -3.740149736404418945e+00 7.447084784507751465e-01
-7.978168964385986328e+00 -3.820425033569335938e+00 7.181314826011657715e-01
-8.011524200439453125e+00 -3.775440454483032227e+00 7.481219768524169922e-01
-7.982069969177246094e+00 -3.815836191177368164e+00 7.186995148658752441e-01
-8.062241554260253906e+00 -3.796914815902709961e+00 8.732208013534545898e-01
-8.073100090026855469e+00 -3.854579687118530273e+00 8.391599059104919434e-01
-7.978692054748535156e+00 -3.795536756515502930e+00 7.173115611076354980e-01
-7.980679512023925781e+00 -3.791964769363403320e+00 7.186727523803710938e-01
-8.015132904052734375e+00 -3.682977199554443359e+00 7.498633861541748047e-01
-7.946633338928222656e+00 -3.717354536056518555e+00 7.440261840820312500e-01
-7.949226856231689453e+00 -3.717892646789550781e+00 7.502461075782775879e-01
-7.989827632904052734e+00 -3.687696456909179688e+00 7.406441569328308105e-01
-7.977676391601562500e+00 -3.671453714370727539e+00 7.576279044151306152e-01
-7.988429546356201172e+00 -3.657969951629638672e+00 7.582548260688781738e-01
-7.947892665863037109e+00 -3.758214473724365234e+00 7.436843514442443848e-01
-8.012810707092285156e+00 -3.683773517608642578e+00 7.524861693382263184e-01
-7.978054046630859375e+00 -3.636516332626342773e+00 7.601470947265625000e-01
-8.010688781738281250e+00 -3.724168062210083008e+00 7.425397634506225586e-01
-7.942082405090332031e+00 -3.757297992706298828e+00 7.512891888618469238e-01
-7.988057613372802734e+00 -3.724560499191284180e+00 7.195944190025329590e-01
-8.031886100769042969e+00 -3.853382587432861328e+00 8.369230031967163086e-01
-8.052489280700683594e+00 -3.796194791793823242e+00 8.566341400146484375e-01
-8.071741104125976562e+00 -3.815588235855102539e+00 8.666547536849975586e-01
-7.978468418121337891e+00 -3.766720056533813477e+00 7.511720657348632812e-01
-7.995391368865966797e+00 -3.734750509262084961e+00 7.534329295158386230e-01
-7.978426456451416016e+00 -3.855096101760864258e+00 7.523827552795410156e-01
-8.015466690063476562e+00 -3.794051408767700195e+00 7.478142976760864258e-01
-7.978890419006347656e+00 -3.822591304779052734e+00 7.544014453887939453e-01
-7.977258205413818359e+00 -3.943089485168457031e+00 7.350698709487915039e-01
-7.977146148681640625e+00 -3.740109443664550781e+00 7.425953149795532227e-01
-7.977005004882812500e+00 -3.716922283172607422e+00 7.460463643074035645e-01
-7.987940788269042969e+00 -3.714359760284423828e+00 7.476434111595153809e-01
-7.976840972900390625e+00 -3.881307601928710938e+00 7.533735036849975586e-01
-7.974605560302734375e+00 -3.722523689270019531e+00 7.543721795082092285e-01
-7.978378295898437500e+00 -3.716867685317993164e+00 7.538166642189025879e-01
-7.990025997161865234e+00 -3.713874101638793945e+00 7.547976374626159668e-01
-8.011886596679687500e+00 -3.745989561080932617e+00 7.537562251091003418e-01
-7.977127075195312500e+00 -3.654180526733398438e+00 7.450658082962036133e-01
-7.977393627166748047e+00 -3.626651763916015625e+00 7.570877075195312500e-01
-7.985905170440673828e+00 -3.618725061416625977e+00 7.566988468170166016e-01
-8.050012588500976562e+00 -3.861175298690795898e+00 8.367388844490051270e-01
-8.073296546936035156e+00 -3.794374227523803711e+00 8.588651418685913086e-01
-8.046469688415527344e+00 -3.825911998748779297e+00 8.648796081542968750e-01
-8.023635864257812500e+00 -3.801913261413574219e+00 8.567709922790527344e-01
-8.036485671997070312e+00 -3.856424331665039062e+00 8.419202566146850586e-01
-8.065674781799316406e+00 -3.774255037307739258e+00 8.782848119735717773e-01
-8.071295738220214844e+00 -3.772480726242065430e+00 8.780821561813354492e-01
-8.070762634277343750e+00 -3.772004127502441406e+00 8.674883842468261719e-01
-7.978205204010009766e+00 -3.977535247802734375e+00 7.550180554389953613e-01
-8.051867485046386719e+00 -3.772691488265991211e+00 8.580621480941772461e-01
-8.074518203735351562e+00 -3.985197067260742188e+00 7.474646568298339844e-01
-8.039246559143066406e+00 -3.779516220092773438e+00 8.457834124565124512e-01
-8.057705879211425781e+00 -4.028922080993652344e+00 7.482072114944458008e-01
-8.046735763549804688e+00 -3.776760101318359375e+00 8.359497189521789551e-01
-8.021100997924804688e+00 -4.053956508636474609e+00 7.423707246780395508e-01
-7.984805107116699219e+00 -3.779309749603271484e+00 7.170180678367614746e-01
-8.104791641235351562e+00 -4.025861263275146484e+00 7.521938085556030273e-01
-7.967504501342773438e+00 -3.666723012924194336e+00 7.364052534103393555e-01
-7.991763114929199219e+00 -3.686923503875732422e+00 7.551785111427307129e-01
-7.945984363555908203e+00 -3.726935148239135742e+00 7.464142441749572754e-01
-7.944157123565673828e+00 -3.734317541122436523e+00 7.542661428451538086e-01
-7.972158908843994141e+00 -3.937762498855590820e+00 7.509341239929199219e-01
-7.975083827972412109e+00 -3.620631217956542969e+00 7.445845007896423340e-01
-7.984161376953125000e+00 -3.613678693771362305e+00 7.424312829971313477e-01
-7.985751152038574219e+00 -3.655451059341430664e+00 7.467549443244934082e-01
-8.046625137329101562e+00 -3.799615859985351562e+00 8.395681977272033691e-01
-8.083236694335937500e+00 -4.051077842712402344e+00 7.450864911079406738e-01
-7.973977088928222656e+00 -3.790791511535644531e+00 7.555898427963256836e-01
