-7.906823635101318359e+00 -4.035840034484863281e+00 7.043838500976562500e-01
-7.953074455261230469e+00 -4.038259029388427734e+00 6.946845650672912598e-01
-7.904232501983642578e+00 -4.003315448760986328e+00 7.025784850120544434e-01
-7.926121711730957031e+00 -4.002080440521240234e+00 6.967989206314086914e-01
-7.937731742858886719e+00 -4.035002231597900391e+00 6.972133517265319824e-01
-7.883510112762451172e+00 -4.033009052276611328e+00 7.027541399002075195e-01
-7.878199100494384766e+00 -4.006334781646728516e+00 7.062336206436157227e-01
-7.878414154052734375e+00 -3.983791589736938477e+00 6.994673013687133789e-01
-7.897422790527343750e+00 -3.978780984878540039e+00 6.979855298995971680e-01
-7.899673938751220703e+00 -4.000495433807373047e+00 7.249483466148376465e-01
-7.878048419952392578e+00 -4.033423423767089844e+00 7.221322059631347656e-01
-7.909856319427490234e+00 -4.041721343994140625e+00 7.211993336677551270e-01
-7.896714210510253906e+00 -3.982934236526489258e+00 7.232377529144287109e-01
-7.925670623779296875e+00 -4.033562660217285156e+00 7.208240032196044922e-01
-7.918889045715332031e+00 -4.054244995117187500e+00 6.896239519119262695e-01
-7.935770511627197266e+00 -4.025977611541748047e+00 6.893597245216369629e-01
-7.881534099578857422e+00 -3.950043916702270508e+00 7.059806585311889648e-01
-7.878664493560791016e+00 -3.976792812347412109e+00 6.892999410629272461e-01
-7.933009624481201172e+00 -4.053644657135009766e+00 7.013033628463745117e-01
-7.908665657043457031e+00 -4.055942535400390625e+00 7.035909891128540039e-01
-7.885616302490234375e+00 -3.952888011932373047e+00 6.894359588623046875e-01
-7.895491123199462891e+00 -3.965464353561401367e+00 6.877114176750183105e-01
-7.954002857208251953e+00 -4.036476612091064453e+00 6.871001720428466797e-01
-7.858051776885986328e+00 -3.993528127670288086e+00 7.088673114776611328e-01
-7.887294292449951172e+00 -4.050752639770507812e+00 7.035313248634338379e-01
-7.891001701354980469e+00 -3.950704097747802734e+00 6.866218447685241699e-01
-7.873987197875976562e+00 -3.928495883941650391e+00 6.951302289962768555e-01
-7.891640663146972656e+00 -3.953661680221557617e+00 6.958864927291870117e-01
-7.856925964355468750e+00 -3.975786685943603516e+00 7.215062379837036133e-01
-7.917172908782958984e+00 -4.031723022460937500e+00 6.891621947288513184e-01
-7.912928104400634766e+00 -4.002756595611572266e+00 6.880812048912048340e-01
-7.859149932861328125e+00 -3.970752716064453125e+00 7.067905068397521973e-01
-7.858383178710937500e+00 -3.952160835266113281e+00 7.053116559982299805e-01
-7.889905452728271484e+00 -4.017651081085205078e+00 6.890819072723388672e-01
-7.881315231323242188e+00 -3.957245111465454102e+00 7.207676172256469727e-01
-7.879819869995117188e+00 -4.002713680267333984e+00 7.243108153343200684e-01
-7.935560703277587891e+00 -4.013634204864501953e+00 6.890761256217956543e-01
-7.920704841613769531e+00 -3.986120223999023438e+00 6.994264721870422363e-01
-7.864761829376220703e+00 -3.971065044403076172e+00 7.213077545166015625e-01
-7.855177402496337891e+00 -3.993390321731567383e+00 7.208001613616943359e-01
-7.931157588958740234e+00 -4.061151027679443359e+00 6.884657740592956543e-01
