-5.631044864654541016e+00 -2.577931165695190430e+00 7.648787498474121094e-01
-5.648691177368164062e+00 -2.619559288024902344e+00 7.623769640922546387e-01
-5.633129119873046875e+00 -2.613610506057739258e+00 7.606219053268432617e-01
-5.631265640258789062e+00 -2.597399234771728516e+00 7.636243700981140137e-01
-5.680336952209472656e+00 -2.629886865615844727e+00 7.624530792236328125e-01
-5.755701541900634766e+00 -2.656384229660034180e+00 7.537075281143188477e-01
-5.746313095092773438e+00 -2.587851762771606445e+00 7.529116272926330566e-01
-5.746069908142089844e+00 -2.588051080703735352e+00 7.482517361640930176e-01
-5.693756580352783203e+00 -2.642079114913940430e+00 7.624521255493164062e-01
-5.653919219970703125e+00 -2.547636508941650391e+00 7.544122934341430664e-01
-5.599966049194335938e+00 -2.583620548248291016e+00 7.482337951660156250e-01
-5.669141292572021484e+00 -2.640926122665405273e+00 7.593922615051269531e-01
-5.671094894409179688e+00 -2.547059297561645508e+00 7.465868592262268066e-01
-5.665723323822021484e+00 -2.573416471481323242e+00 7.484022974967956543e-01
-5.623189449310302734e+00 -2.574589967727661133e+00 7.487575411796569824e-01
-5.714227199554443359e+00 -2.633933067321777344e+00 7.590419054031372070e-01
-5.747494220733642578e+00 -2.652857303619384766e+00 7.480882406234741211e-01
-5.718148231506347656e+00 -2.576601028442382812e+00 7.544841170310974121e-01
-5.719181060791015625e+00 -2.639543533325195312e+00 7.469859123229980469e-01
-5.652780532836914062e+00 -2.618885993957519531e+00 7.482335567474365234e-01
-5.628665924072265625e+00 -2.548504114151000977e+00 7.470608949661254883e-01
-5.664179325103759766e+00 -2.572092056274414062e+00 7.621665000915527344e-01
-5.655573844909667969e+00 -2.583837509155273438e+00 7.593639492988586426e-01
-5.602208137512207031e+00 -2.594031810760498047e+00 7.692682743072509766e-01
-5.601263523101806641e+00 -2.576609849929809570e+00 7.694113850593566895e-01
-5.734371662139892578e+00 -2.638766050338745117e+00 7.532441616058349609e-01
-5.690080642700195312e+00 -2.644783496856689453e+00 7.472053170204162598e-01
-5.688841342926025391e+00 -2.631177663803100586e+00 7.475087046623229980e-01
-5.711474418640136719e+00 -2.648205757141113281e+00 7.606067061424255371e-01
-5.683994293212890625e+00 -2.591775417327880859e+00 7.478653192520141602e-01
-5.601510524749755859e+00 -2.612428903579711914e+00 7.670215368270874023e-01
-5.605049133300781250e+00 -2.571854829788208008e+00 7.482522130012512207e-01
-5.614724159240722656e+00 -2.547076702117919922e+00 7.553368210792541504e-01
-5.723019599914550781e+00 -2.582754373550415039e+00 7.527738809585571289e-01
-5.703828811645507812e+00 -2.585301160812377930e+00 7.472042441368103027e-01
-5.663871765136718750e+00 -2.590203285217285156e+00 7.484323382377624512e-01
-5.702669620513916016e+00 -2.577303886413574219e+00 7.469263672828674316e-01
-5.636213302612304688e+00 -2.597108364105224609e+00 7.487983703613281250e-01
-5.686648368835449219e+00 -2.583285331726074219e+00 7.575532197952270508e-01
-5.690975189208984375e+00 -2.575259447097778320e+00 7.468296885490417480e-01
-5.654995918273925781e+00 -2.546941757202148438e+00 7.463013529777526855e-01
-5.713950157165527344e+00 -2.650287151336669922e+00 7.479273080825805664e-01
-5.685214519500732422e+00 -2.574693918228149414e+00 7.614322304725646973e-01
