-7.586613655090332031e+00 -5.007950782775878906e+00 7.555865645408630371e-01
-7.591784954071044922e+00 -5.013183593750000000e+00 7.696068286895751953e-01
-7.674973487854003906e+00 -4.932559490203857422e+00 9.452341198921203613e-01
-7.683685302734375000e+00 -4.924322128295898438e+00 9.464098215103149414e-01
-7.687337875366210938e+00 -4.901698589324951172e+00 9.440245628356933594e-01
-7.578462123870849609e+00 -5.064345836639404297e+00 9.141955971717834473e-01
-7.599658012390136719e+00 -5.049837589263916016e+00 9.159461259841918945e-01
-7.654173374176025391e+00 -4.901061058044433594e+00 7.998023033142089844e-01
-7.666919708251953125e+00 -4.884897708892822266e+00 7.940143346786499023e-01
-7.686571121215820312e+00 -4.877449512481689453e+00 7.946516871452331543e-01
-7.634935855865478516e+00 -4.971613407135009766e+00 9.441693425178527832e-01
-7.665164470672607422e+00 -4.968982219696044922e+00 9.446473717689514160e-01
-7.586535930633544922e+00 -4.964072704315185547e+00 7.648883461952209473e-01
-7.593404769897460938e+00 -4.953689098358154297e+00 7.653472423553466797e-01
-7.606588840484619141e+00 -4.940637588500976562e+00 7.940896749496459961e-01
-7.634778022766113281e+00 -4.933348655700683594e+00 7.952769398689270020e-01
-7.647426605224609375e+00 -4.904780864715576172e+00 7.909696698188781738e-01
-7.686979770660400391e+00 -4.878444671630859375e+00 8.252502679824829102e-01
-7.575608730316162109e+00 -5.022789001464843750e+00 7.651605606079101562e-01
-7.693147182464599609e+00 -4.886538028717041016e+00 9.630599021911621094e-01
-7.606469154357910156e+00 -5.024112224578857422e+00 9.130441546440124512e-01
-7.608596324920654297e+00 -5.003047943115234375e+00 9.144770503044128418e-01
-7.612820148468017578e+00 -4.972411155700683594e+00 9.431295990943908691e-01
-7.634952068328857422e+00 -4.965873718261718750e+00 9.145370125770568848e-01
-7.662330150604248047e+00 -4.965960502624511719e+00 9.153860807418823242e-01
-7.670224666595458984e+00 -4.933340549468994141e+00 9.140920042991638184e-01
-7.567363739013671875e+00 -5.071123600006103516e+00 9.206801056861877441e-01
-7.610049724578857422e+00 -4.997567653656005859e+00 9.432650208473205566e-01
-7.591822624206542969e+00 -5.001117706298828125e+00 7.605899572372436523e-01
-7.663444042205810547e+00 -4.984864234924316406e+00 9.748842120170593262e-01
-7.673225402832031250e+00 -4.969744682312011719e+00 9.749650359153747559e-01
-7.683308601379394531e+00 -4.928894996643066406e+00 9.770851135253906250e-01
-7.566182136535644531e+00 -5.073279857635498047e+00 9.451485276222229004e-01
-7.580839633941650391e+00 -5.061651229858398438e+00 9.454045891761779785e-01
-7.632432937622070312e+00 -4.977796077728271484e+00 9.719280004501342773e-01
-7.567200660705566406e+00 -5.015539169311523438e+00 7.371417880058288574e-01
-7.581097602844238281e+00 -4.999560832977294922e+00 7.341516017913818359e-01
-7.590305805206298828e+00 -4.993074893951416016e+00 7.456138730049133301e-01
-7.605941772460937500e+00 -4.936001777648925781e+00 7.654191851615905762e-01
-7.629748821258544922e+00 -4.929009914398193359e+00 7.669197320938110352e-01
-7.638759613037109375e+00 -4.907680988311767578e+00 7.630671858787536621e-01
-7.647535324096679688e+00 -4.887575626373291016e+00 7.846839427947998047e-01
-7.681301116943359375e+00 -4.923796176910400391e+00 9.280173182487487793e-01
-7.691877841949462891e+00 -4.885636806488037109e+00 9.480226635932922363e-01
-7.572219848632812500e+00 -5.075599193572998047e+00 8.827798366546630859e-01
-7.582702636718750000e+00 -5.063560485839843750e+00 8.859236836433410645e-01
-7.598584651947021484e+00 -5.052343368530273438e+00 8.848608136177062988e-01
-7.605843067169189453e+00 -5.027028560638427734e+00 8.846405148506164551e-01
-7.611251354217529297e+00 -4.968440532684326172e+00 9.139062166213989258e-01
-7.658051490783691406e+00 -4.939754009246826172e+00 8.547831177711486816e-01
-7.664698600769042969e+00 -4.899014949798583984e+00 8.536348342895507812e-01
-7.675339221954345703e+00 -4.886034011840820312e+00 8.558929562568664551e-01
-7.687798976898193359e+00 -4.882263660430908203e+00 8.554221391677856445e-01
-7.573947906494140625e+00 -5.048832893371582031e+00 7.990915775299072266e-01
-7.675178050994873047e+00 -4.906837463378906250e+00 9.121608138084411621e-01
-7.686465263366699219e+00 -4.898283004760742188e+00 9.228057265281677246e-01
-7.664539813995361328e+00 -4.878340244293212891e+00 7.646079659461975098e-01
-7.559263706207275391e+00 -5.016182422637939453e+00 7.239263653755187988e-01
-7.587514877319335938e+00 -4.968705654144287109e+00 7.846040129661560059e-01
-7.594714164733886719e+00 -4.959773063659667969e+00 7.969678640365600586e-01
-7.594215393066406250e+00 -5.050399780273437500e+00 8.301662206649780273e-01
-7.607644081115722656e+00 -4.958539962768554688e+00 8.544283509254455566e-01
-7.666596889495849609e+00 -4.901854038238525391e+00 8.844669461250305176e-01
-7.673551559448242188e+00 -4.884489059448242188e+00 8.849898576736450195e-01
-7.687639713287353516e+00 -4.881983757019042969e+00 8.857959508895874023e-01
-7.579621791839599609e+00 -5.058030605316162109e+00 8.238002061843872070e-01
-7.581617355346679688e+00 -5.029742240905761719e+00 7.910636067390441895e-01
-7.587892055511474609e+00 -5.033236026763916016e+00 8.126865625381469727e-01
-7.596853256225585938e+00 -5.024878025054931641e+00 8.246832489967346191e-01
-7.598071575164794922e+00 -4.962702751159667969e+00 8.257476687431335449e-01
-7.645056724548339844e+00 -4.886052608489990234e+00 7.646566629409790039e-01
-7.615600585937500000e+00 -4.979576587677001953e+00 9.926802515983581543e-01
-7.659032344818115234e+00 -4.957986354827880859e+00 8.856508135795593262e-01
-7.664793968200683594e+00 -4.931474685668945312e+00 8.859516978263854980e-01
-7.600327014923095703e+00 -5.025251865386962891e+00 8.548159599304199219e-01
-7.604277610778808594e+00 -4.991246223449707031e+00 8.846296072006225586e-01
-7.608986377716064453e+00 -4.958034038543701172e+00 8.848584294319152832e-01
-7.690510749816894531e+00 -4.900171279907226562e+00 9.752829670906066895e-01
-7.602601051330566406e+00 -5.047528266906738281e+00 9.457485675811767578e-01
-7.611289501190185547e+00 -5.022391319274902344e+00 9.448927044868469238e-01
-7.651463508605957031e+00 -4.923890113830566406e+00 8.037427663803100586e-01
-7.648605346679687500e+00 -4.901111602783203125e+00 8.147892355918884277e-01
-7.657000064849853516e+00 -4.898089885711669922e+00 8.248707652091979980e-01
-7.671820640563964844e+00 -4.886574268341064453e+00 8.242116570472717285e-01
-7.655246734619140625e+00 -4.932659626007080078e+00 8.281875848770141602e-01
-7.660705566406250000e+00 -4.981857776641845703e+00 9.553026556968688965e-01
-7.676319122314453125e+00 -4.938934803009033203e+00 9.741157889366149902e-01
-7.677964687347412109e+00 -4.945963382720947266e+00 9.966246485710144043e-01
-7.587973594665527344e+00 -4.989457130432128906e+00 7.861408591270446777e-01
-7.595081806182861328e+00 -4.990123271942138672e+00 7.966478466987609863e-01
-7.636290073394775391e+00 -4.943634986877441406e+00 8.232889771461486816e-01
-7.634440422058105469e+00 -4.952843666076660156e+00 8.593496084213256836e-01
-7.663521289825439453e+00 -4.988888740539550781e+00 1.001999735832214355e+00
-7.674307346343994141e+00 -4.971566200256347656e+00 1.000090956687927246e+00
-7.687509536743164062e+00 -4.939108371734619141e+00 1.004713535308837891e+00
-7.690733909606933594e+00 -4.900796890258789062e+00 1.005207896232604980e+00
-7.701004028320312500e+00 -4.910777091979980469e+00 1.022681474685668945e+00
-7.637381076812744141e+00 -4.948830604553222656e+00 8.466183543205261230e-01
-7.614953041076660156e+00 -5.028380393981933594e+00 9.913501739501953125e-01
-7.629794597625732422e+00 -5.023982524871826172e+00 1.001586198806762695e+00
-7.616523265838623047e+00 -4.992020606994628906e+00 9.966271519660949707e-01
-7.635863304138183594e+00 -4.985270500183105469e+00 1.003004550933837891e+00
-7.663634777069091797e+00 -4.873349666595458984e+00 7.344046831130981445e-01
-7.635355949401855469e+00 -4.957268238067626953e+00 8.854429721832275391e-01
-7.686051845550537109e+00 -5.031612873077392578e+00 1.244189143180847168e+00
-7.678949356079101562e+00 -5.028102874755859375e+00 1.239417076110839844e+00
-7.687358379364013672e+00 -5.023401260375976562e+00 1.214931964874267578e+00
-7.634302139282226562e+00 -4.904430866241455078e+00 6.808714270591735840e-01
-7.556348323822021484e+00 -4.979077816009521484e+00 7.046771645545959473e-01
-7.618755340576171875e+00 -5.016757011413574219e+00 1.023895025253295898e+00
-7.711168289184570312e+00 -4.877741813659667969e+00 1.020687818527221680e+00
-7.615529537200927734e+00 -4.883677005767822266e+00 6.846449971199035645e-01
-7.678278446197509766e+00 -4.859386444091796875e+00 7.107143402099609375e-01
-7.705239772796630859e+00 -4.797972202301025391e+00 7.294510602951049805e-01
-7.622290134429931641e+00 -4.980665683746337891e+00 8.940089344978332520e-01
-7.752282142639160156e+00 -4.844648838043212891e+00 8.243209123611450195e-01
-7.742003917694091797e+00 -4.984178066253662109e+00 1.064416408538818359e+00
-7.743750095367431641e+00 -4.825573444366455078e+00 9.166317582130432129e-01
-7.646467208862304688e+00 -5.022212982177734375e+00 1.115374565124511719e+00
-7.591807842254638672e+00 -5.072978496551513672e+00 8.739178776741027832e-01
-7.621183395385742188e+00 -5.043887138366699219e+00 9.197828769683837891e-01
-7.622564315795898438e+00 -4.984094619750976562e+00 7.998597621917724609e-01
-7.771017074584960938e+00 -4.859550952911376953e+00 9.325174689292907715e-01
-7.747870445251464844e+00 -4.860899925231933594e+00 6.581038236618041992e-01
-7.637427330017089844e+00 -4.950728416442871094e+00 8.389348983764648438e-01
-7.689661502838134766e+00 -5.007502079010009766e+00 1.153651118278503418e+00
-7.591526985168457031e+00 -5.043995380401611328e+00 8.029009103775024414e-01
-7.704967021942138672e+00 -4.859620571136474609e+00 7.216753959655761719e-01
-7.676756858825683594e+00 -5.072288513183593750e+00 1.155145764350891113e+00
-7.652679443359375000e+00 -4.950829505920410156e+00 8.380853533744812012e-01
-7.659721374511718750e+00 -5.028886318206787109e+00 1.074001550674438477e+00
-7.559372425079345703e+00 -4.997938632965087891e+00 6.952140331268310547e-01
-7.628942012786865234e+00 -4.908299922943115234e+00 7.360075712203979492e-01
-7.641424655914306641e+00 -4.887409210205078125e+00 7.338833212852478027e-01
-7.686341285705566406e+00 -4.874544143676757812e+00 7.639595270156860352e-01
-7.678067684173583984e+00 -4.885868549346923828e+00 9.067532420158386230e-01
-7.688890457153320312e+00 -4.883966922760009766e+00 9.109497666358947754e-01
-7.573806285858154297e+00 -5.077535152435302734e+00 8.555198907852172852e-01
-7.582862377166748047e+00 -5.060636520385742188e+00 8.541534543037414551e-01
-7.596141338348388672e+00 -5.050829410552978516e+00 8.567043542861938477e-01
-7.601500034332275391e+00 -4.991993427276611328e+00 8.567813038825988770e-01
-7.570219039916992188e+00 -4.998444080352783203e+00 7.040603756904602051e-01
-7.592396259307861328e+00 -4.951028823852539062e+00 7.365213036537170410e-01
-7.635855197906494141e+00 -4.878805637359619141e+00 6.578947901725769043e-01
-7.586566925048828125e+00 -5.060503482818603516e+00 9.907301068305969238e-01
-7.707901000976562500e+00 -4.858906269073486328e+00 8.148943185806274414e-01
-7.682869434356689453e+00 -5.070817470550537109e+00 1.147593498229980469e+00
-7.645203113555908203e+00 -4.884536266326904297e+00 6.877418756484985352e-01
-7.599552631378173828e+00 -4.997803688049316406e+00 8.246393203735351562e-01
-7.687037944793701172e+00 -4.969031333923339844e+00 1.007322549819946289e+00
-7.697879314422607422e+00 -4.934861660003662109e+00 1.021825551986694336e+00
-7.711104393005371094e+00 -4.913421630859375000e+00 1.023748278617858887e+00
-7.558815002441406250e+00 -5.077334880828857422e+00 9.538776278495788574e-01
-7.612731933593750000e+00 -4.994642257690429688e+00 9.753349423408508301e-01
-7.556231498718261719e+00 -5.012338638305664062e+00 7.015167474746704102e-01
-7.563673973083496094e+00 -5.011082649230957031e+00 7.105084061622619629e-01
-7.670620918273925781e+00 -5.005309104919433594e+00 1.153272151947021484e+00
-7.614501953125000000e+00 -4.977065563201904297e+00 9.735867381095886230e-01
-7.642391681671142578e+00 -4.980994701385498047e+00 9.826947450637817383e-01
-7.681503295898437500e+00 -4.963073730468750000e+00 9.778686761856079102e-01
-7.652416229248046875e+00 -4.952771663665771484e+00 8.660436868667602539e-01
-7.596211910247802734e+00 -5.020193099975585938e+00 7.969948053359985352e-01
-7.610266208648681641e+00 -4.946368694305419922e+00 8.239849209785461426e-01
-7.669043064117431641e+00 -5.002945899963378906e+00 1.128944516181945801e+00
-7.693491935729980469e+00 -5.005165100097656250e+00 1.126226425170898438e+00
-7.580017089843750000e+00 -4.962217807769775391e+00 7.052860856056213379e-01
-7.591529369354248047e+00 -4.950902462005615234e+00 7.040148377418518066e-01
-7.588190555572509766e+00 -4.942027568817138672e+00 7.054573893547058105e-01
-7.629889965057373047e+00 -4.902420520782470703e+00 7.050389051437377930e-01
-7.717777729034423828e+00 -4.942663669586181641e+00 1.024207234382629395e+00
-7.558525085449218750e+00 -5.077423572540283203e+00 9.713716506958007812e-01
-7.567605018615722656e+00 -5.074772357940673828e+00 9.716439843177795410e-01
-7.581672668457031250e+00 -5.063931465148925781e+00 9.730081558227539062e-01
-7.600833892822265625e+00 -5.052377700805664062e+00 9.738495349884033203e-01
-7.614217758178710938e+00 -5.029014110565185547e+00 9.748197793960571289e-01
-7.588468074798583984e+00 -4.945407390594482422e+00 7.838832736015319824e-01
-7.643255233764648438e+00 -4.885181903839111328e+00 7.053251862525939941e-01
-7.664562702178955078e+00 -4.873915195465087891e+00 7.053499221801757812e-01
-7.685468673706054688e+00 -4.870550155639648438e+00 7.044539451599121094e-01
-7.611313819885253906e+00 -4.933609485626220703e+00 6.765522360801696777e-01
-7.601591110229492188e+00 -4.931036472320556641e+00 7.049000859260559082e-01
-7.615303516387939453e+00 -4.913702487945556641e+00 7.068255543708801270e-01
-7.558873653411865234e+00 -5.004004478454589844e+00 6.871529221534729004e-01
-7.587941169738769531e+00 -4.948318958282470703e+00 6.875143051147460938e-01
-7.582911968231201172e+00 -4.955717086791992188e+00 7.317355275154113770e-01
-7.588273048400878906e+00 -4.943990230560302734e+00 7.334609627723693848e-01
-7.603030681610107422e+00 -4.934043884277343750e+00 7.358907461166381836e-01
-7.688976287841796875e+00 -5.016281127929687500e+00 1.184214591979980469e+00
-7.673346996307373047e+00 -5.014716625213623047e+00 1.183946728706359863e+00
-7.623173236846923828e+00 -4.923001766204833984e+00 6.922218799591064453e-01
-7.702073097229003906e+00 -4.986023902893066406e+00 1.016404986381530762e+00
-7.718352317810058594e+00 -4.997744560241699219e+00 1.013742566108703613e+00
-7.712332725524902344e+00 -4.975612640380859375e+00 1.021651506423950195e+00
-7.717000961303710938e+00 -4.972699165344238281e+00 1.016661047935485840e+00
-7.670304298400878906e+00 -5.014158248901367188e+00 1.166022181510925293e+00
-7.692742824554443359e+00 -5.013266563415527344e+00 1.167106509208679199e+00
-7.613102436065673828e+00 -4.949084281921386719e+00 8.422284126281738281e-01
-7.713388919830322266e+00 -4.998480796813964844e+00 1.036233544349670410e+00
-7.703538894653320312e+00 -4.989970207214355469e+00 1.033842086791992188e+00
-7.676270484924316406e+00 -5.021560192108154297e+00 1.212191104888916016e+00
-7.615990638732910156e+00 -4.917909622192382812e+00 7.308491468429565430e-01
-7.569561004638671875e+00 -5.072792053222656250e+00 8.306619524955749512e-01
-7.715687751770019531e+00 -5.007459640502929688e+00 1.058510780334472656e+00
-7.594198226928710938e+00 -4.955717563629150391e+00 6.864469051361083984e-01
-7.626534938812255859e+00 -4.924326419830322266e+00 6.590641736984252930e-01
-7.626811981201171875e+00 -4.929678916931152344e+00 6.670460700988769531e-01
-7.685607433319091797e+00 -4.870825290679931641e+00 7.349677085876464844e-01
-7.640321731567382812e+00 -4.993161678314208984e+00 1.022788763046264648e+00
-7.704926490783691406e+00 -5.000421524047851562e+00 1.094029307365417480e+00
-7.704747200012207031e+00 -4.993168830871582031e+00 1.066210508346557617e+00
-7.565133094787597656e+00 -4.995840072631835938e+00 6.862885951995849609e-01
-7.579614162445068359e+00 -4.970369815826416016e+00 6.871681809425354004e-01
-7.656957149505615234e+00 -4.893673896789550781e+00 6.786512136459350586e-01
-7.666943550109863281e+00 -4.879663467407226562e+00 6.863006353378295898e-01
-7.685569763183593750e+00 -4.871850013732910156e+00 6.875534057617187500e-01
-7.658885002136230469e+00 -5.023807048797607422e+00 1.018002748489379883e+00
-7.721368789672851562e+00 -5.014266967773437500e+00 1.024155139923095703e+00
-7.699112415313720703e+00 -4.887947559356689453e+00 9.939965605735778809e-01
-7.588314056396484375e+00 -4.942484855651855469e+00 7.676473855972290039e-01
-7.651484012603759766e+00 -4.909895896911621094e+00 7.756651639938354492e-01
-7.681512355804443359e+00 -4.956288337707519531e+00 9.565224647521972656e-01
-7.625941276550292969e+00 -4.979571342468261719e+00 9.961763620376586914e-01
-7.590742111206054688e+00 -5.012085914611816406e+00 7.484490871429443359e-01
-7.724933624267578125e+00 -4.852613449096679688e+00 6.671605110168457031e-01
-7.615573406219482422e+00 -4.928857326507568359e+00 1.007050752639770508e+00
-7.720390319824218750e+00 -4.823748588562011719e+00 7.953388690948486328e-01
-7.563605785369873047e+00 -5.106608390808105469e+00 8.753934502601623535e-01
-7.713746547698974609e+00 -4.941967964172363281e+00 1.084956049919128418e+00
-7.679540157318115234e+00 -4.798976898193359375e+00 7.255870103836059570e-01
-7.587006092071533203e+00 -5.006559371948242188e+00 9.719716906547546387e-01
-7.674124717712402344e+00 -4.976955413818359375e+00 1.212634086608886719e+00
-7.552947998046875000e+00 -4.977364540100097656e+00 7.836509943008422852e-01
-7.675715446472167969e+00 -4.825850486755371094e+00 8.218912482261657715e-01
-7.589381694793701172e+00 -4.914232254028320312e+00 7.051306962966918945e-01
-7.707111358642578125e+00 -4.834456920623779297e+00 8.924865126609802246e-01
-7.648921966552734375e+00 -5.024082183837890625e+00 1.025366187095642090e+00
-7.671628952026367188e+00 -4.795441150665283203e+00 6.545509696006774902e-01
-7.589140892028808594e+00 -4.946630477905273438e+00 8.429293632507324219e-01
-7.553468227386474609e+00 -5.012180805206298828e+00 6.872847676277160645e-01
-7.653758525848388672e+00 -4.890292644500732422e+00 7.361815571784973145e-01
-7.648103237152099609e+00 -4.992088317871093750e+00 1.090424180030822754e+00
-7.665537357330322266e+00 -4.995645999908447266e+00 1.100859761238098145e+00
-7.681847572326660156e+00 -5.075227737426757812e+00 1.096782207489013672e+00
-7.719997406005859375e+00 -4.897272109985351562e+00 7.465651631355285645e-01
-7.712915420532226562e+00 -4.888003826141357422e+00 1.004965424537658691e+00
-7.710853576660156250e+00 -4.879336357116699219e+00 8.867805600166320801e-01
-7.671750545501708984e+00 -5.065331935882568359e+00 1.059083580970764160e+00
-7.712021827697753906e+00 -5.015831947326660156e+00 1.099340438842773438e+00
-7.648274898529052734e+00 -4.988794803619384766e+00 1.073912501335144043e+00
-7.674868106842041016e+00 -5.071293354034423828e+00 1.065469384193420410e+00
-7.618875026702880859e+00 -4.919118404388427734e+00 7.519378662109375000e-01
-7.662273883819580078e+00 -5.057902812957763672e+00 1.016958117485046387e+00
-7.654528617858886719e+00 -5.027379035949707031e+00 1.023266196250915527e+00
-7.703333377838134766e+00 -4.889509677886962891e+00 1.022027015686035156e+00
-7.722042083740234375e+00 -5.015213966369628906e+00 1.016052007675170898e+00
-7.713764190673828125e+00 -4.890263080596923828e+00 1.015709161758422852e+00
-7.620604515075683594e+00 -5.025717735290527344e+00 9.795994758605957031e-01
-7.664918422698974609e+00 -5.061268329620361328e+00 1.031058192253112793e+00
-7.718508243560791016e+00 -4.896376609802246094e+00 7.569844722747802734e-01
-7.711684226989746094e+00 -4.885592460632324219e+00 7.598186731338500977e-01
-7.711449623107910156e+00 -5.021267890930175781e+00 1.120777368545532227e+00
-7.679263114929199219e+00 -4.910625934600830078e+00 1.002638339996337891e+00
-7.715802669525146484e+00 -4.879634857177734375e+00 7.962270379066467285e-01
-7.622702598571777344e+00 -4.952852725982666016e+00 7.023677825927734375e-01
-7.751687526702880859e+00 -4.848918914794921875e+00 9.810373783111572266e-01
-7.743068218231201172e+00 -4.829142093658447266e+00 6.721291542053222656e-01
-7.621611118316650391e+00 -5.005685806274414062e+00 8.579031825065612793e-01
-7.675689697265625000e+00 -4.855128765106201172e+00 8.297675251960754395e-01
-7.557964324951171875e+00 -4.946596145629882812e+00 6.699538230895996094e-01
-7.712062358856201172e+00 -4.866425037384033203e+00 7.052587270736694336e-01
-7.677305698394775391e+00 -4.899120330810546875e+00 1.023791909217834473e+00
-7.556406497955322266e+00 -5.000578403472900391e+00 8.005280494689941406e-01
-7.559117794036865234e+00 -5.005551338195800781e+00 7.518495321273803711e-01
-7.611652374267578125e+00 -4.884664058685302734e+00 6.541803479194641113e-01
-7.707443714141845703e+00 -4.828887462615966797e+00 8.836221098899841309e-01
-7.711401462554931641e+00 -4.856843471527099609e+00 8.810524940490722656e-01
-7.691876411437988281e+00 -4.936500072479248047e+00 1.094485044479370117e+00
-7.558812141418457031e+00 -5.033979892730712891e+00 9.166673421859741211e-01
-7.742642879486083984e+00 -4.992039680480957031e+00 1.126187562942504883e+00
-7.703795433044433594e+00 -4.823935985565185547e+00 8.547782301902770996e-01
-7.723798274993896484e+00 -4.973175525665283203e+00 1.153465628623962402e+00
-7.676269531250000000e+00 -4.859634399414062500e+00 7.226900458335876465e-01
-7.571228981018066406e+00 -5.074322700500488281e+00 8.073778152465820312e-01
-7.733914375305175781e+00 -4.857333183288574219e+00 1.021033763885498047e+00
-7.648124217987060547e+00 -4.859188556671142578e+00 7.288894653320312500e-01
-7.558810234069824219e+00 -4.971652030944824219e+00 6.877635121345520020e-01
-7.621106147766113281e+00 -5.026205062866210938e+00 9.578623771667480469e-01
-7.562309265136718750e+00 -5.101472854614257812e+00 8.332400321960449219e-01
-7.746067047119140625e+00 -4.970609664916992188e+00 1.043647170066833496e+00
-7.753383159637451172e+00 -4.851749420166015625e+00 8.546413779258728027e-01
-7.720485687255859375e+00 -4.858154296875000000e+00 8.597255945205688477e-01
-7.692048549652099609e+00 -4.935964107513427734e+00 1.053258299827575684e+00
-7.676331520080566406e+00 -4.978018760681152344e+00 1.151844859123229980e+00
-7.681795597076416016e+00 -5.060657024383544922e+00 1.125823736190795898e+00
-7.750009536743164062e+00 -4.843272209167480469e+00 7.946737408638000488e-01
-7.713743686676025391e+00 -5.020262718200683594e+00 1.179380178451538086e+00
-7.622583866119384766e+00 -4.981307029724121094e+00 9.238751530647277832e-01
-7.646990776062011719e+00 -4.969262123107910156e+00 1.122230410575866699e+00
-7.615116596221923828e+00 -4.855161190032958984e+00 6.686717271804809570e-01
-7.589622974395751953e+00 -4.962176799774169922e+00 8.444580435752868652e-01
-7.693507671356201172e+00 -4.976545810699462891e+00 1.147946357727050781e+00
-7.692461967468261719e+00 -4.810459613800048828e+00 6.910349130630493164e-01
-7.667149543762207031e+00 -4.979665756225585938e+00 1.054532408714294434e+00
-7.754049301147460938e+00 -4.853411674499511719e+00 7.587300539016723633e-01
-7.588104724884033203e+00 -4.918387889862060547e+00 7.563862800598144531e-01
-7.677284717559814453e+00 -5.074684619903564453e+00 1.090769410133361816e+00
-7.590384960174560547e+00 -5.071350097656250000e+00 9.505153894424438477e-01
-7.618392467498779297e+00 -5.043694972991943359e+00 1.024066090583801270e+00
-7.559038162231445312e+00 -5.008385181427001953e+00 7.242877483367919922e-01
-7.619203090667724609e+00 -4.887933731079101562e+00 8.140677809715270996e-01
-7.712126255035400391e+00 -4.796787261962890625e+00 8.798989057540893555e-01
-7.725468158721923828e+00 -4.824105739593505859e+00 8.250642418861389160e-01
-7.600718021392822266e+00 -5.077045917510986328e+00 8.148130774497985840e-01
-7.645205497741699219e+00 -4.824241161346435547e+00 6.956137418746948242e-01
-7.559576988220214844e+00 -5.071604728698730469e+00 8.502481579780578613e-01
-7.647911071777343750e+00 -4.858732700347900391e+00 7.101766467094421387e-01
-7.705814361572265625e+00 -4.824120521545410156e+00 7.349444627761840820e-01
-7.619087696075439453e+00 -4.914796352386474609e+00 8.728972077369689941e-01
-7.732271671295166016e+00 -4.824706554412841797e+00 6.799460053443908691e-01
-7.644999980926513672e+00 -4.855687141418457031e+00 7.893624901771545410e-01
-7.677132606506347656e+00 -4.976360797882080078e+00 1.237560749053955078e+00
-7.710876941680908203e+00 -4.949377059936523438e+00 1.144794464111328125e+00
-7.646419525146484375e+00 -4.979254245758056641e+00 1.027732491493225098e+00
-7.558585643768310547e+00 -5.103490829467773438e+00 8.896520137786865234e-01
-7.706362724304199219e+00 -4.858456611633300781e+00 7.932866215705871582e-01
-7.558902740478515625e+00 -5.068725109100341797e+00 8.565668463706970215e-01
-7.758012294769287109e+00 -4.894837379455566406e+00 7.176363468170166016e-01
-7.617055416107177734e+00 -4.909820556640625000e+00 8.466154336929321289e-01
-7.589459419250488281e+00 -5.038903713226318359e+00 8.548189401626586914e-01
-7.681848049163818359e+00 -5.041466236114501953e+00 1.224591255187988281e+00
-7.711528301239013672e+00 -4.896458625793457031e+00 9.180559515953063965e-01
-7.645029544830322266e+00 -4.948351383209228516e+00 8.733064532279968262e-01
-7.649686336517333984e+00 -4.987946510314941406e+00 1.114662289619445801e+00
-7.589202880859375000e+00 -5.038685798645019531e+00 9.727501869201660156e-01
-7.645875453948974609e+00 -4.946708202362060547e+00 9.629921317100524902e-01
-7.528797626495361328e+00 -4.997346878051757812e+00 7.778180837631225586e-01
-7.676641941070556641e+00 -4.883338928222656250e+00 9.869405627250671387e-01
-7.677279472351074219e+00 -4.857277393341064453e+00 6.738628745079040527e-01
-7.672567844390869141e+00 -4.976923942565917969e+00 1.193120121955871582e+00
-7.735777378082275391e+00 -4.827357292175292969e+00 6.940749883651733398e-01
-7.674712657928466797e+00 -4.978582859039306641e+00 1.023361921310424805e+00
-7.738309383392333984e+00 -4.923000335693359375e+00 7.613732814788818359e-01
-7.562728881835937500e+00 -5.101371765136718750e+00 9.375268816947937012e-01
-7.564044475555419922e+00 -5.101678371429443359e+00 8.573139905929565430e-01
-7.745386123657226562e+00 -4.796359062194824219e+00 6.592286825180053711e-01
-7.723962306976318359e+00 -4.983037471771240234e+00 1.155208945274353027e+00
-7.740546226501464844e+00 -4.981761932373046875e+00 1.042882919311523438e+00
-7.713788509368896484e+00 -4.944053173065185547e+00 1.118130922317504883e+00
-7.620834350585937500e+00 -5.044464111328125000e+00 9.422191381454467773e-01
-7.589113712310791016e+00 -4.991614818572998047e+00 8.826975226402282715e-01
-7.588121414184570312e+00 -5.038104057312011719e+00 9.957489967346191406e-01
-7.588706970214843750e+00 -4.985382556915283203e+00 8.141549825668334961e-01
-7.558716297149658203e+00 -5.032972812652587891e+00 9.469671249389648438e-01
-7.716480255126953125e+00 -4.935365676879882812e+00 1.056904315948486328e+00
-7.775411605834960938e+00 -4.840993881225585938e+00 7.023600339889526367e-01
-7.553329467773437500e+00 -4.976632118225097656e+00 7.644822001457214355e-01
-7.672771930694580078e+00 -4.914039134979248047e+00 1.062776565551757812e+00
-7.592705249786376953e+00 -4.955036163330078125e+00 6.548151373863220215e-01
-7.666112899780273438e+00 -4.841119289398193359e+00 6.590921282768249512e-01
-7.713509082794189453e+00 -4.855921268463134766e+00 9.094822406768798828e-01
-7.694919586181640625e+00 -4.947494983673095703e+00 1.185044050216674805e+00
-7.674620151519775391e+00 -4.822515010833740234e+00 6.929610371589660645e-01
-7.701398372650146484e+00 -4.825356006622314453e+00 6.589323282241821289e-01
-7.712981224060058594e+00 -4.858279228210449219e+00 7.716954946517944336e-01
-7.518155574798583984e+00 -4.983803749084472656e+00 6.986375451087951660e-01
-7.709072113037109375e+00 -4.859234809875488281e+00 9.690687060356140137e-01
-7.622048854827880859e+00 -5.024005413055419922e+00 8.617332577705383301e-01
-7.648203849792480469e+00 -5.049365997314453125e+00 1.053997755050659180e+00
-7.563167572021484375e+00 -4.984634399414062500e+00 6.543489694595336914e-01
-7.622566223144531250e+00 -4.966333389282226562e+00 7.702975869178771973e-01
-7.692270278930664062e+00 -4.979172706604003906e+00 1.060346126556396484e+00
-7.646444797515869141e+00 -4.857891082763671875e+00 7.565727233886718750e-01
-7.618344306945800781e+00 -4.887908935546875000e+00 7.301986813545227051e-01
-7.727183341979980469e+00 -4.826934814453125000e+00 9.757450222969055176e-01
-7.746250629425048828e+00 -4.990180492401123047e+00 1.152901411056518555e+00
-7.742866039276123047e+00 -4.983139038085937500e+00 1.095576763153076172e+00
-7.553456783294677734e+00 -4.995136260986328125e+00 8.136576414108276367e-01
-7.592329978942871094e+00 -5.071030616760253906e+00 9.958549737930297852e-01
-7.706282615661621094e+00 -4.799241065979003906e+00 8.530074357986450195e-01
-7.664676666259765625e+00 -4.978906631469726562e+00 1.081238627433776855e+00
-7.714426040649414062e+00 -4.858911991119384766e+00 7.909343242645263672e-01
-7.616775035858154297e+00 -4.918395042419433594e+00 7.812071442604064941e-01
-7.621315956115722656e+00 -4.952097892761230469e+00 8.034984469413757324e-01
-7.673580169677734375e+00 -4.916367530822753906e+00 1.087427854537963867e+00
-7.561427593231201172e+00 -5.041730880737304688e+00 7.438993453979492188e-01
-7.646424770355224609e+00 -4.915891170501708984e+00 1.003903269767761230e+00
-7.591833114624023438e+00 -5.070661544799804688e+00 9.043291211128234863e-01
-7.779211044311523438e+00 -4.827470779418945312e+00 6.982690095901489258e-01
-7.707604408264160156e+00 -5.013872623443603516e+00 1.104595899581909180e+00
-7.708359241485595703e+00 -4.834677696228027344e+00 9.038138389587402344e-01
-7.639336585998535156e+00 -4.852494239807128906e+00 6.549844741821289062e-01
-7.676395416259765625e+00 -5.009208202362060547e+00 1.203072547912597656e+00
-7.591939926147460938e+00 -4.982885360717773438e+00 7.016775012016296387e-01
-7.744339466094970703e+00 -4.859641551971435547e+00 6.925114989280700684e-01
-7.677422046661376953e+00 -4.827712059020996094e+00 8.715862631797790527e-01
-7.617391586303710938e+00 -4.949604034423828125e+00 8.730640411376953125e-01
-7.744207382202148438e+00 -4.788626670837402344e+00 6.918968558311462402e-01
-7.753952026367187500e+00 -4.853952884674072266e+00 6.587671041488647461e-01
-7.760391235351562500e+00 -4.828078746795654297e+00 6.956693530082702637e-01
-7.555816173553466797e+00 -5.040678501129150391e+00 7.773761749267578125e-01
-7.600361824035644531e+00 -5.077199459075927734e+00 8.041241765022277832e-01
-7.588883399963378906e+00 -4.973308086395263672e+00 8.744015097618103027e-01
-7.648797988891601562e+00 -4.918585300445556641e+00 1.094305038452148438e+00
-7.646277427673339844e+00 -4.917270660400390625e+00 9.401763081550598145e-01
-7.557410717010498047e+00 -5.036037921905517578e+00 8.924463391304016113e-01
-7.703964233398437500e+00 -4.798538684844970703e+00 7.658013105392456055e-01
-7.563941955566406250e+00 -5.071068286895751953e+00 9.909232258796691895e-01
-7.555577754974365234e+00 -4.976407527923583984e+00 7.243289947509765625e-01
-7.649900436401367188e+00 -4.918965339660644531e+00 1.111559629440307617e+00
-7.736490726470947266e+00 -4.859648704528808594e+00 6.934188008308410645e-01
-7.523355484008789062e+00 -4.975055694580078125e+00 6.998363137245178223e-01
-7.529238224029541016e+00 -4.997498989105224609e+00 7.847215533256530762e-01
-7.670018672943115234e+00 -4.878336906433105469e+00 6.574372053146362305e-01
-7.647824764251708984e+00 -4.978435516357421875e+00 1.067703723907470703e+00
-7.674957752227783203e+00 -5.066539287567138672e+00 1.083936810493469238e+00
-7.746186256408691406e+00 -4.898125171661376953e+00 8.217414617538452148e-01
-7.741663932800292969e+00 -4.886652946472167969e+00 8.329182267189025879e-01
-7.612946510314941406e+00 -4.907778739929199219e+00 6.585009098052978516e-01
-7.725569248199462891e+00 -4.974714279174804688e+00 1.064711332321166992e+00
-7.558778285980224609e+00 -5.021344661712646484e+00 7.551105618476867676e-01
-7.720809936523437500e+00 -4.984194755554199219e+00 1.183882474899291992e+00
-7.772959709167480469e+00 -4.862053871154785156e+00 9.437029361724853516e-01
-7.712679862976074219e+00 -4.797685623168945312e+00 7.348259687423706055e-01
-7.622089385986328125e+00 -5.030319690704345703e+00 8.928649425506591797e-01
-7.616214752197265625e+00 -4.889127731323242188e+00 7.561643719673156738e-01
-7.700186729431152344e+00 -4.796577453613281250e+00 6.568769812583923340e-01
-7.708257675170898438e+00 -4.858098506927490234e+00 9.435893893241882324e-01
-7.673863410949707031e+00 -5.008122444152832031e+00 1.176899194717407227e+00
-7.617140293121337891e+00 -4.915666103363037109e+00 6.883934140205383301e-01
-7.551675319671630859e+00 -5.040561676025390625e+00 7.470623254776000977e-01
-7.745921134948730469e+00 -4.887476921081542969e+00 9.973467588424682617e-01
-7.741857528686523438e+00 -4.870919227600097656e+00 7.071716189384460449e-01
-7.735788822174072266e+00 -4.894242286682128906e+00 8.138850927352905273e-01
-7.741593360900878906e+00 -4.912694931030273438e+00 7.624053955078125000e-01
-7.742809295654296875e+00 -4.905933380126953125e+00 7.457847595214843750e-01
-7.589687824249267578e+00 -4.959192752838134766e+00 8.152487874031066895e-01
-7.698365688323974609e+00 -4.959393024444580078e+00 1.022738099098205566e+00
-7.724959850311279297e+00 -4.852756977081298828e+00 6.593999266624450684e-01
-7.616909980773925781e+00 -4.946243762969970703e+00 9.346487522125244141e-01
-7.668968200683593750e+00 -4.823873043060302734e+00 6.530830264091491699e-01
-7.759788036346435547e+00 -4.858360767364501953e+00 9.150181412696838379e-01
-7.649193286895751953e+00 -5.047078132629394531e+00 1.094456434249877930e+00
-7.620663166046142578e+00 -5.041167736053466797e+00 9.704122543334960938e-01
-7.716937541961669922e+00 -4.989774703979492188e+00 1.245227217674255371e+00
-7.632091522216796875e+00 -4.904759883880615234e+00 6.577139496803283691e-01
-7.679064273834228516e+00 -4.925696849822998047e+00 1.022497534751892090e+00
-7.559585571289062500e+00 -5.068224430084228516e+00 9.370716214179992676e-01
-7.606098175048828125e+00 -5.046434402465820312e+00 9.909992814064025879e-01
-7.699510097503662109e+00 -5.012509822845458984e+00 1.036426186561584473e+00
-7.559071540832519531e+00 -5.080465793609619141e+00 8.897713422775268555e-01
-7.648927211761474609e+00 -4.889168739318847656e+00 8.423554897308349609e-01
-7.641605377197265625e+00 -4.989012718200683594e+00 1.158873319625854492e+00
-7.703001976013183594e+00 -4.823721885681152344e+00 7.879151701927185059e-01
-7.560699462890625000e+00 -5.011914253234863281e+00 6.883124709129333496e-01
-7.753943920135498047e+00 -4.855896472930908203e+00 8.862746357917785645e-01
-7.644475460052490234e+00 -4.914932250976562500e+00 9.146268963813781738e-01
-7.680937767028808594e+00 -5.059039592742919922e+00 1.161677718162536621e+00
-7.675921440124511719e+00 -4.826912879943847656e+00 7.367579340934753418e-01
-7.745352268218994141e+00 -4.826277732849121094e+00 9.453970193862915039e-01
-7.570804119110107422e+00 -4.966511726379394531e+00 6.554834842681884766e-01
-7.722717285156250000e+00 -4.821652412414550781e+00 6.585160493850708008e-01
-7.646757602691650391e+00 -4.949354648590087891e+00 9.019911289215087891e-01
-7.690940856933593750e+00 -4.976003170013427734e+00 1.241850733757019043e+00
-7.688386440277099609e+00 -5.008760452270507812e+00 1.176774621009826660e+00
-7.714032649993896484e+00 -5.004544734954833984e+00 1.115259766578674316e+00
-7.617216587066650391e+00 -4.885667324066162109e+00 7.922956347465515137e-01
-7.648114204406738281e+00 -4.888407707214355469e+00 8.762801885604858398e-01
-7.622586727142333984e+00 -4.927342414855957031e+00 7.476602792739868164e-01
-7.727576255798339844e+00 -4.894559860229492188e+00 7.873038649559020996e-01
-7.670431137084960938e+00 -4.891122817993164062e+00 6.581822633743286133e-01
-7.745676517486572266e+00 -4.884526252746582031e+00 9.457817673683166504e-01
-7.682241439819335938e+00 -4.892727851867675781e+00 6.692138314247131348e-01
-7.680982589721679688e+00 -4.891797542572021484e+00 8.965003490447998047e-01
-7.652198791503906250e+00 -4.891268730163574219e+00 6.932176947593688965e-01
-7.647628307342529297e+00 -4.889402389526367188e+00 8.111456036567687988e-01
-7.673519134521484375e+00 -4.916121959686279297e+00 1.118259906768798828e+00
-7.771256446838378906e+00 -4.858546257019042969e+00 9.145597815513610840e-01
-7.620498657226562500e+00 -5.043885231018066406e+00 1.000935435295104980e+00
-7.587976932525634766e+00 -5.007265567779541016e+00 9.476760029792785645e-01
-7.681825160980224609e+00 -5.059079170227050781e+00 1.178948163986206055e+00
-7.681138515472412109e+00 -4.890534400939941406e+00 8.640287518501281738e-01
-7.679351806640625000e+00 -4.888984680175781250e+00 1.000350713729858398e+00
-7.670859336853027344e+00 -4.945052146911621094e+00 1.086272120475769043e+00
-7.776253223419189453e+00 -4.879390716552734375e+00 7.648941874504089355e-01
-7.681797027587890625e+00 -4.961455345153808594e+00 9.270392656326293945e-01
-7.621295928955078125e+00 -5.041724681854248047e+00 8.949283361434936523e-01
-7.682465553283691406e+00 -5.040833473205566406e+00 1.249849319458007812e+00
-7.733727455139160156e+00 -4.851809501647949219e+00 9.846470952033996582e-01
-7.601736068725585938e+00 -4.943437576293945312e+00 6.575903892517089844e-01
-7.692152500152587891e+00 -4.977497100830078125e+00 1.085338711738586426e+00
-7.692100048065185547e+00 -4.940838336944580078e+00 1.121288180351257324e+00
-7.682302474975585938e+00 -4.890559673309326172e+00 8.349171876907348633e-01
-7.634963989257812500e+00 -4.943868160247802734e+00 1.058279156684875488e+00
-7.741334915161132812e+00 -4.976560115814208984e+00 1.090122461318969727e+00
-7.672211170196533203e+00 -5.065349578857421875e+00 1.125973343849182129e+00
-7.559167861938476562e+00 -5.035338878631591797e+00 7.828887104988098145e-01
-7.589448451995849609e+00 -5.038868427276611328e+00 9.469106793403625488e-01
-7.716382503509521484e+00 -4.815148830413818359e+00 7.333935499191284180e-01
-7.697690010070800781e+00 -4.879621982574462891e+00 1.053598403930664062e+00
-7.558616638183593750e+00 -5.038895606994628906e+00 8.115240335464477539e-01
-7.683444976806640625e+00 -4.925910949707031250e+00 8.945147395133972168e-01
-7.691158294677734375e+00 -4.974447727203369141e+00 1.213993430137634277e+00
-7.672617912292480469e+00 -4.793004035949707031e+00 6.764155626296997070e-01
-7.683178424835205078e+00 -4.999759197235107422e+00 1.242521405220031738e+00
-7.696319103240966797e+00 -4.790995121002197266e+00 6.755375862121582031e-01
-7.692525386810302734e+00 -5.010823249816894531e+00 1.136699676513671875e+00
-7.740968704223632812e+00 -4.822887420654296875e+00 8.370622396469116211e-01
-7.714729309082031250e+00 -4.938540935516357422e+00 1.017354607582092285e+00
-7.559575080871582031e+00 -5.068310260772705078e+00 9.236087799072265625e-01
-7.675424575805664062e+00 -4.947244644165039062e+00 1.063470005989074707e+00
-7.649592876434326172e+00 -4.909198760986328125e+00 8.754342794418334961e-01
-7.558311462402343750e+00 -5.059305667877197266e+00 8.170518875122070312e-01
-7.647387504577636719e+00 -5.017502784729003906e+00 1.095177173614501953e+00
-7.680940628051757812e+00 -5.057245731353759766e+00 1.073669791221618652e+00
-7.680475711822509766e+00 -4.980856895446777344e+00 9.879291653633117676e-01
-7.559567451477050781e+00 -5.050653934478759766e+00 7.979345917701721191e-01
-7.558753967285156250e+00 -5.076182365417480469e+00 9.240659475326538086e-01
-7.649331569671630859e+00 -4.900700092315673828e+00 8.426563143730163574e-01
-7.618780136108398438e+00 -4.938425064086914062e+00 9.774743318557739258e-01
-7.705360889434814453e+00 -4.857738971710205078e+00 1.002898335456848145e+00
-7.551783084869384766e+00 -5.070406436920166016e+00 7.745456695556640625e-01
-7.720387935638427734e+00 -5.017968654632568359e+00 1.216591835021972656e+00
-7.677649497985839844e+00 -4.827517986297607422e+00 7.640835046768188477e-01
-7.559042930603027344e+00 -5.069019794464111328e+00 9.628578424453735352e-01
-7.648719787597656250e+00 -5.019412517547607422e+00 1.066414475440979004e+00
-7.713653087615966797e+00 -4.912711143493652344e+00 1.053239345550537109e+00
-7.742863655090332031e+00 -4.824668407440185547e+00 8.899324536323547363e-01
-7.675514221191406250e+00 -4.944906711578369141e+00 1.181060910224914551e+00
-7.648799896240234375e+00 -5.058583736419677734e+00 1.118193745613098145e+00
-7.589790344238281250e+00 -4.948127746582031250e+00 8.736521005630493164e-01
-7.726723670959472656e+00 -4.825070858001708984e+00 9.139036536216735840e-01
-7.665738105773925781e+00 -4.975031852722167969e+00 1.114981770515441895e+00
-7.680446624755859375e+00 -5.076652050018310547e+00 1.066639661788940430e+00
-7.681777954101562500e+00 -5.009344100952148438e+00 1.203664183616638184e+00
-7.645172119140625000e+00 -4.945855617523193359e+00 1.000247955322265625e+00
-7.590689182281494141e+00 -5.074774265289306641e+00 9.667822718620300293e-01
-7.727024555206298828e+00 -4.824996948242187500e+00 8.538007736206054688e-01
-7.714318275451660156e+00 -4.819377422332763672e+00 7.636973857879638672e-01
-7.618644237518310547e+00 -5.011301994323730469e+00 1.053482890129089355e+00
-7.772909641265869141e+00 -4.861630916595458984e+00 6.796771883964538574e-01
-7.673970699310302734e+00 -5.071991443634033203e+00 1.116658329963684082e+00
-7.743451118469238281e+00 -4.887643337249755859e+00 7.537215948104858398e-01
-7.707346916198730469e+00 -4.858465194702148438e+00 8.453962802886962891e-01
-7.592319488525390625e+00 -4.981954097747802734e+00 6.850793957710266113e-01
-7.683673381805419922e+00 -5.010989665985107422e+00 1.070333242416381836e+00
-7.692667007446289062e+00 -4.944736003875732422e+00 1.160160660743713379e+00
-7.716761112213134766e+00 -4.828390121459960938e+00 8.799307346343994141e-01
-7.690731048583984375e+00 -4.847758293151855469e+00 6.588331460952758789e-01
-7.690346717834472656e+00 -4.879232883453369141e+00 6.584767699241638184e-01
-7.717282772064208984e+00 -4.870593070983886719e+00 6.584869623184204102e-01
-7.686385154724121094e+00 -4.974688529968261719e+00 1.118954300880432129e+00
-7.679109573364257812e+00 -4.856918334960937500e+00 7.855536937713623047e-01
-7.731261253356933594e+00 -4.859715461730957031e+00 7.228457927703857422e-01
-7.680146694183349609e+00 -5.054646015167236328e+00 1.043931007385253906e+00
-7.616837978363037109e+00 -4.929700851440429688e+00 1.031265616416931152e+00
-7.675564765930175781e+00 -4.858025550842285156e+00 8.759109973907470703e-01
-7.739188671112060547e+00 -4.925870418548583984e+00 7.872805595397949219e-01
-7.621278285980224609e+00 -5.003383159637451172e+00 8.305457234382629395e-01
-7.725317955017089844e+00 -4.971816539764404297e+00 1.124019384384155273e+00
-7.682765960693359375e+00 -5.071329116821289062e+00 1.116526126861572266e+00
-7.712088584899902344e+00 -4.865743637084960938e+00 6.840117573738098145e-01
-7.712074279785156250e+00 -4.880482673645019531e+00 7.444674372673034668e-01
-7.715125083923339844e+00 -4.877967834472656250e+00 8.245432972908020020e-01
-7.727971553802490234e+00 -4.854756355285644531e+00 1.002575516700744629e+00
-7.551249027252197266e+00 -4.971688270568847656e+00 6.558027267456054688e-01
-7.746421813964843750e+00 -4.825312614440917969e+00 9.634348154067993164e-01
-7.683265209197998047e+00 -4.922301292419433594e+00 8.633068799972534180e-01
-7.645666122436523438e+00 -4.972306251525878906e+00 1.086786508560180664e+00
-7.709312438964843750e+00 -4.858776569366455078e+00 6.987699866294860840e-01
-7.674625396728515625e+00 -4.807000637054443359e+00 6.700434684753417969e-01
-7.722399234771728516e+00 -4.797920227050781250e+00 6.585541963577270508e-01
-7.700867652893066406e+00 -4.821503639221191406e+00 8.171033859252929688e-01
-7.559208869934082031e+00 -5.073965072631835938e+00 8.364501595497131348e-01
-7.743272781372070312e+00 -4.886655807495117188e+00 8.936760425567626953e-01
-7.741416931152343750e+00 -4.887547492980957031e+00 9.114288091659545898e-01
-7.711791515350341797e+00 -4.977058887481689453e+00 1.209055662155151367e+00
-7.744348049163818359e+00 -5.015756607055664062e+00 1.176762461662292480e+00
-7.555975437164306641e+00 -5.032581806182861328e+00 9.659298062324523926e-01
-7.646100044250488281e+00 -4.916674137115478516e+00 9.795274138450622559e-01
-7.685180664062500000e+00 -4.892183780670166016e+00 6.946649551391601562e-01
-7.643624782562255859e+00 -5.072827339172363281e+00 1.066897511482238770e+00
-7.707092761993408203e+00 -4.859843730926513672e+00 1.021197438240051270e+00
-7.666515350341796875e+00 -5.010848522186279297e+00 1.132754921913146973e+00
-7.678691864013671875e+00 -4.912846565246582031e+00 9.339097738265991211e-01
-7.711316108703613281e+00 -4.880112648010253906e+00 9.452989697456359863e-01
-7.651443958282470703e+00 -4.923155784606933594e+00 7.779043912887573242e-01
-7.712113380432128906e+00 -4.884088993072509766e+00 9.770509600639343262e-01
-7.710919380187988281e+00 -4.879545211791992188e+00 8.567215204238891602e-01
-7.711459636688232422e+00 -4.880635261535644531e+00 9.140560626983642578e-01
-7.715957641601562500e+00 -4.797093391418457031e+00 8.201034665107727051e-01
-7.691123485565185547e+00 -4.946932792663574219e+00 1.207978010177612305e+00
-7.706932067871093750e+00 -4.819883346557617188e+00 9.391403198242187500e-01
-7.674403667449951172e+00 -4.792882442474365234e+00 6.963195204734802246e-01
-7.764282703399658203e+00 -4.873958587646484375e+00 7.857618331909179688e-01
-7.668567657470703125e+00 -4.994126319885253906e+00 1.238597393035888672e+00
-7.723335266113281250e+00 -4.787809848785400391e+00 6.930261850357055664e-01
-7.711064338684082031e+00 -4.890942096710205078e+00 9.484252333641052246e-01
-7.707661628723144531e+00 -4.821345806121826172e+00 9.149111509323120117e-01
-7.696423053741455078e+00 -4.790047168731689453e+00 6.947314143180847168e-01
-7.620553016662597656e+00 -5.020045280456542969e+00 9.249383211135864258e-01
-7.700240135192871094e+00 -4.908400058746337891e+00 1.053120851516723633e+00
-7.708168029785156250e+00 -4.799390792846679688e+00 8.754681348800659180e-01
-7.709759235382080078e+00 -4.890573978424072266e+00 7.472294569015502930e-01
-7.742270946502685547e+00 -4.890512466430664062e+00 9.248321652412414551e-01
-7.742439746856689453e+00 -4.914603233337402344e+00 7.842238545417785645e-01
-7.557664394378662109e+00 -5.073109626770019531e+00 9.907666444778442383e-01
-7.745017051696777344e+00 -4.884107589721679688e+00 8.606079220771789551e-01
-7.744536876678466797e+00 -4.883902072906494141e+00 7.274258136749267578e-01
-7.581538200378417969e+00 -4.939297199249267578e+00 6.540024876594543457e-01
-7.557571411132812500e+00 -5.103659629821777344e+00 9.045269489288330078e-01
-7.711210250854492188e+00 -5.001829147338867188e+00 1.084945797920227051e+00
-7.674398422241210938e+00 -5.043615341186523438e+00 1.217012524604797363e+00
-7.729344367980957031e+00 -4.978511333465576172e+00 1.087626218795776367e+00
-7.677001476287841797e+00 -5.057300567626953125e+00 1.179115295410156250e+00
-7.589823722839355469e+00 -4.975486755371093750e+00 9.029937386512756348e-01
-7.648378849029541016e+00 -4.826257705688476562e+00 6.677022576332092285e-01
-7.649444580078125000e+00 -5.045678615570068359e+00 1.036411404609680176e+00
-7.681902408599853516e+00 -4.893399238586425781e+00 8.087570071220397949e-01
-7.675852298736572266e+00 -4.945251941680908203e+00 1.154800415039062500e+00
-7.684753417968750000e+00 -4.916617393493652344e+00 1.126057386398315430e+00
-7.618934631347656250e+00 -4.888104438781738281e+00 7.062572836875915527e-01
-7.646670818328857422e+00 -4.947479724884033203e+00 9.420635700225830078e-01
-7.583778381347656250e+00 -4.910984992980957031e+00 6.549680829048156738e-01
-7.711535453796386719e+00 -4.795899391174316406e+00 7.641170620918273926e-01
-7.682598114013671875e+00 -4.911998271942138672e+00 1.086331009864807129e+00
-7.742408752441406250e+00 -5.000614643096923828e+00 1.183399915695190430e+00
-7.721720695495605469e+00 -4.788276195526123047e+00 6.693503260612487793e-01
-7.705320358276367188e+00 -4.824318408966064453e+00 6.756092309951782227e-01
-7.586415767669677734e+00 -4.911896705627441406e+00 7.898868918418884277e-01
-7.771089076995849609e+00 -4.851334095001220703e+00 8.883799314498901367e-01
-7.619064331054687500e+00 -4.968190670013427734e+00 1.024211645126342773e+00
-7.677217006683349609e+00 -4.857722759246826172e+00 9.037146568298339844e-01
-7.699860572814941406e+00 -4.977467060089111328e+00 1.182244539260864258e+00
-7.666737556457519531e+00 -4.859074592590332031e+00 7.523885965347290039e-01
-7.741392612457275391e+00 -4.822248935699462891e+00 8.602802157402038574e-01
-7.746068954467773438e+00 -4.850092887878417969e+00 9.963034391403198242e-01
-7.641775131225585938e+00 -4.943135738372802734e+00 1.087002635002136230e+00
-7.679286479949951172e+00 -4.910599708557128906e+00 9.777171015739440918e-01
-7.666466236114501953e+00 -5.010688781738281250e+00 1.094869256019592285e+00
-7.644828319549560547e+00 -4.943630695343017578e+00 1.114423751831054688e+00
-7.616827487945556641e+00 -4.915011882781982422e+00 8.137468099594116211e-01
-7.589191436767578125e+00 -5.007734298706054688e+00 8.470579385757446289e-01
-7.709357738494873047e+00 -4.890560626983642578e+00 7.540267109870910645e-01
-7.589282512664794922e+00 -4.948421478271484375e+00 8.128082752227783203e-01
-7.646026611328125000e+00 -4.915773868560791016e+00 1.027722716331481934e+00
-7.678457736968994141e+00 -4.888161659240722656e+00 9.364256858825683594e-01
-7.697731018066406250e+00 -4.857051372528076172e+00 6.671895980834960938e-01
-7.752820014953613281e+00 -4.854203701019287109e+00 6.662255525588989258e-01
-7.718657493591308594e+00 -4.975620269775390625e+00 1.181950807571411133e+00
-7.705931186676025391e+00 -4.825717449188232422e+00 7.626575231552124023e-01
-7.713325500488281250e+00 -4.796394348144531250e+00 7.942283153533935547e-01
-7.638626098632812500e+00 -4.980320453643798828e+00 9.569368362426757812e-01
-7.745094776153564453e+00 -4.886328697204589844e+00 9.828881025314331055e-01
-7.588980197906494141e+00 -5.039245128631591797e+00 9.109877347946166992e-01
-7.745645046234130859e+00 -4.866126060485839844e+00 6.754064559936523438e-01
-7.588992595672607422e+00 -5.014187335968017578e+00 8.817459344863891602e-01
-7.725054740905761719e+00 -4.824679374694824219e+00 9.433860182762145996e-01
-7.618297576904296875e+00 -5.003817558288574219e+00 1.050991296768188477e+00
-7.715090274810791016e+00 -4.857486248016357422e+00 8.173972368240356445e-01
-7.585844039916992188e+00 -4.992283821105957031e+00 9.126600027084350586e-01
-7.676103115081787109e+00 -5.063054561614990234e+00 1.151461720466613770e+00
-7.615356445312500000e+00 -4.931815147399902344e+00 1.051179766654968262e+00
-7.676329612731933594e+00 -4.827336788177490234e+00 8.544847965240478516e-01
-7.711429595947265625e+00 -5.025612831115722656e+00 1.147305130958557129e+00
-7.673128128051757812e+00 -4.944187641143798828e+00 1.131963253021240234e+00
-7.559553623199462891e+00 -5.066981315612792969e+00 8.855704069137573242e-01
-7.764659404754638672e+00 -4.859030246734619141e+00 9.412111639976501465e-01
-7.715397357940673828e+00 -4.858607769012451172e+00 9.380285739898681641e-01
-7.617802619934082031e+00 -5.006852149963378906e+00 1.027720093727111816e+00
-7.528525829315185547e+00 -5.017691135406494141e+00 6.910961866378784180e-01
-7.772240161895751953e+00 -4.855705738067626953e+00 6.699762344360351562e-01
-7.589553833007812500e+00 -4.917098999023437500e+00 7.289665937423706055e-01
-7.676475524902343750e+00 -4.856116294860839844e+00 8.532734513282775879e-01
-7.712412834167480469e+00 -4.799615383148193359e+00 9.120424985885620117e-01
-7.635501861572265625e+00 -4.916595458984375000e+00 1.052033901214599609e+00
-7.586062431335449219e+00 -4.913870334625244141e+00 6.798336505889892578e-01
-7.747588634490966797e+00 -4.853678703308105469e+00 7.273218631744384766e-01
-7.711761474609375000e+00 -4.890544414520263672e+00 9.825186729431152344e-01
-7.558660507202148438e+00 -5.080280780792236328e+00 8.057482242584228516e-01
-7.773729324340820312e+00 -4.844416141510009766e+00 7.251164317131042480e-01
-7.719458103179931641e+00 -5.016452312469482422e+00 1.061287641525268555e+00
-7.703610420227050781e+00 -4.825024127960205078e+00 9.733908176422119141e-01
-7.676537990570068359e+00 -4.824227333068847656e+00 7.992119193077087402e-01
-7.609166145324707031e+00 -4.849536418914794922e+00 6.565304994583129883e-01
-7.559233665466308594e+00 -5.106855392456054688e+00 8.604521155357360840e-01
-7.612457752227783203e+00 -4.948245525360107422e+00 9.026404023170471191e-01
-7.777274131774902344e+00 -4.876958847045898438e+00 7.429580688476562500e-01
-7.561144828796386719e+00 -5.105615615844726562e+00 9.061965346336364746e-01
-7.672174453735351562e+00 -4.988523483276367188e+00 1.034032344818115234e+00
-7.569105625152587891e+00 -5.043926715850830078e+00 7.730334997177124023e-01
-7.668111324310302734e+00 -4.989198207855224609e+00 1.067929506301879883e+00
-7.686192035675048828e+00 -4.859153270721435547e+00 7.550214529037475586e-01
-7.681786060333251953e+00 -5.066649913787841797e+00 1.098272919654846191e+00
-7.743781089782714844e+00 -4.974606037139892578e+00 1.064597725868225098e+00
-7.741920948028564453e+00 -4.972468376159667969e+00 1.121371984481811523e+00
-7.636820316314697266e+00 -4.939193725585937500e+00 1.033265352249145508e+00
-7.646929740905761719e+00 -4.855255126953125000e+00 6.767486929893493652e-01
-7.591199398040771484e+00 -5.071648597717285156e+00 8.545351028442382812e-01
-7.717728614807128906e+00 -4.987436771392822266e+00 1.213942766189575195e+00
