-5.842648983001708984e+00 -2.781147003173828125e+00 9.432620406150817871e-01
-5.841306209564208984e+00 -2.812147855758666992e+00 9.270299077033996582e-01
-5.826087951660156250e+00 -2.867710113525390625e+00 9.049312472343444824e-01
-5.786379337310791016e+00 -2.965037345886230469e+00 8.587758541107177734e-01
-5.794819831848144531e+00 -2.969004392623901367e+00 8.569493293762207031e-01
-5.786395549774169922e+00 -3.014871597290039062e+00 8.368707895278930664e-01
-5.791744232177734375e+00 -3.018500804901123047e+00 8.374387025833129883e-01
-5.794147968292236328e+00 -3.050994634628295898e+00 8.297221064567565918e-01
-5.784411430358886719e+00 -3.082423210144042969e+00 8.045352101325988770e-01
-5.793764591217041016e+00 -3.082827806472778320e+00 8.047546744346618652e-01
-5.787089347839355469e+00 -3.103181362152099609e+00 7.977879047393798828e-01
-5.796726703643798828e+00 -2.928286790847778320e+00 8.750315308570861816e-01
-5.853353977203369141e+00 -2.807807207107543945e+00 9.443020224571228027e-01
-5.800827026367187500e+00 -3.079638242721557617e+00 8.281294107437133789e-01
-5.785175323486328125e+00 -3.046112060546875000e+00 8.537223339080810547e-01
-5.811342716217041016e+00 -2.912900447845458984e+00 9.112368822097778320e-01
-5.782687664031982422e+00 -2.985393047332763672e+00 8.736736774444580078e-01
-5.803721427917480469e+00 -2.977657556533813477e+00 8.871315717697143555e-01
-5.805496215820312500e+00 -3.041861057281494141e+00 8.582254648208618164e-01
-5.806350708007812500e+00 -3.082780122756958008e+00 8.551102280616760254e-01
-5.801678180694580078e+00 -3.105031728744506836e+00 8.202810287475585938e-01
-5.804375171661376953e+00 -3.132053136825561523e+00 8.300674557685852051e-01
-5.784924030303955078e+00 -3.021398782730102539e+00 8.723344802856445312e-01
-5.794097423553466797e+00 -3.021809577941894531e+00 8.738908767700195312e-01
-5.800262928009033203e+00 -3.170431375503540039e+00 8.310439586639404297e-01
-5.784377574920654297e+00 -3.065792322158813477e+00 8.629648089408874512e-01
-5.810506820678710938e+00 -2.978582620620727539e+00 9.044011235237121582e-01
-5.799249649047851562e+00 -3.039748668670654297e+00 8.761608600616455078e-01
-5.787016391754150391e+00 -3.066155672073364258e+00 8.725352883338928223e-01
-5.799221038818359375e+00 -3.065310955047607422e+00 8.724828958511352539e-01
-5.789161205291748047e+00 -3.143335580825805664e+00 8.360568881034851074e-01
-5.798340320587158203e+00 -3.187113046646118164e+00 8.243688344955444336e-01
-5.799930095672607422e+00 -3.109425783157348633e+00 7.980984449386596680e-01
-5.856252193450927734e+00 -2.779486417770385742e+00 9.446198344230651855e-01
-5.845405101776123047e+00 -2.807552814483642578e+00 9.377718567848205566e-01
-5.841495513916015625e+00 -2.833304166793823242e+00 9.234793782234191895e-01
-5.785339832305908203e+00 -2.989418506622314453e+00 8.625743985176086426e-01
-5.794201850891113281e+00 -2.988271951675415039e+00 8.604360818862915039e-01
-5.778144359588623047e+00 -3.018138647079467773e+00 8.662605285644531250e-01
-5.794526576995849609e+00 -3.017928838729858398e+00 8.583056926727294922e-01
-5.785984992980957031e+00 -3.041145801544189453e+00 8.275107741355895996e-01
-5.799090862274169922e+00 -3.137735128402709961e+00 8.431046605110168457e-01
-5.798054218292236328e+00 -3.140990972518920898e+00 8.004206418991088867e-01
-5.841800212860107422e+00 -2.837810516357421875e+00 9.319476485252380371e-01
-5.801633834838867188e+00 -3.097539901733398438e+00 8.610292077064514160e-01
-5.812252044677734375e+00 -3.162110090255737305e+00 8.813416957855224609e-01
-5.799427032470703125e+00 -3.245662689208984375e+00 8.528000116348266602e-01
-5.807362556457519531e+00 -3.133007764816284180e+00 8.913792967796325684e-01
-5.788285255432128906e+00 -3.133813858032226562e+00 8.811867833137512207e-01
-5.800966262817382812e+00 -3.168626785278320312e+00 8.453034162521362305e-01
-5.788768768310546875e+00 -3.138949871063232422e+00 8.451473116874694824e-01
-5.797210693359375000e+00 -3.222564458847045898e+00 8.723815083503723145e-01
-5.810810089111328125e+00 -3.136393547058105469e+00 9.005758166313171387e-01
-5.786655426025390625e+00 -3.201091766357421875e+00 8.773541450500488281e-01
-5.792955875396728516e+00 -3.200887680053710938e+00 8.785420656204223633e-01
-5.786319255828857422e+00 -3.220839262008666992e+00 8.641335964202880859e-01
-5.795914173126220703e+00 -3.220690011978149414e+00 8.646301627159118652e-01
-5.622424125671386719e+00 -2.705813884735107422e+00 7.634515762329101562e-01
-5.537055015563964844e+00 -2.822194576263427734e+00 7.480664849281311035e-01
-5.583014011383056641e+00 -3.188792228698730469e+00 7.810522317886352539e-01
-5.547637462615966797e+00 -2.869436502456665039e+00 7.480468153953552246e-01
-5.561915874481201172e+00 -2.733342409133911133e+00 7.579206824302673340e-01
-5.554715633392333984e+00 -2.983311414718627930e+00 7.615807056427001953e-01
-5.820667266845703125e+00 -2.858539581298828125e+00 8.978751301765441895e-01
-5.792043209075927734e+00 -2.932782411575317383e+00 8.654729127883911133e-01
-5.856248378753662109e+00 -3.117285966873168945e+00 7.469277977943420410e-01
-5.787316799163818359e+00 -2.927284955978393555e+00 8.183636069297790527e-01
-5.824577808380126953e+00 -3.131673336029052734e+00 8.547066450119018555e-01
-5.816758632659912109e+00 -3.100160598754882812e+00 9.009258151054382324e-01
-5.473285675048828125e+00 -2.854636669158935547e+00 7.706956863403320312e-01
-5.833498954772949219e+00 -2.986040830612182617e+00 9.047914147377014160e-01
-5.980307579040527344e+00 -3.203277111053466797e+00 7.513164281845092773e-01
-5.508694171905517578e+00 -2.796526908874511719e+00 7.491269111633300781e-01
-5.561406612396240234e+00 -2.798291206359863281e+00 7.555493116378784180e-01
-5.517692565917968750e+00 -3.161672115325927734e+00 7.710602879524230957e-01
-5.509826660156250000e+00 -3.040539503097534180e+00 7.749912738800048828e-01
-5.822504997253417969e+00 -2.825628042221069336e+00 8.656823635101318359e-01
-5.784491539001464844e+00 -3.219587326049804688e+00 8.265708684921264648e-01
-5.798748016357421875e+00 -3.214670181274414062e+00 8.260216116905212402e-01
-5.858252525329589844e+00 -3.113231420516967773e+00 7.534955739974975586e-01
-5.787506580352783203e+00 -2.985342979431152344e+00 7.781050205230712891e-01
-5.475999832153320312e+00 -2.697234392166137695e+00 7.585692405700683594e-01
-5.454440593719482422e+00 -2.703855991363525391e+00 7.497590184211730957e-01
-5.496098995208740234e+00 -2.697129249572753906e+00 7.565307617187500000e-01
-5.787194252014160156e+00 -3.221452236175537109e+00 8.754265904426574707e-01
-5.815303802490234375e+00 -2.860134840011596680e+00 9.101557731628417969e-01
-5.812238693237304688e+00 -2.892748832702636719e+00 9.012166857719421387e-01
-5.787723541259765625e+00 -3.071413040161132812e+00 8.237156271934509277e-01
-5.806948661804199219e+00 -2.895176410675048828e+00 8.902872800827026367e-01
-5.789258480072021484e+00 -2.934715270996093750e+00 8.752439618110656738e-01
-5.784830093383789062e+00 -3.110227346420288086e+00 8.195132017135620117e-01
-5.787744998931884766e+00 -2.955223083496093750e+00 8.771725296974182129e-01
-5.794923305511474609e+00 -2.960011959075927734e+00 8.813759088516235352e-01
-5.777314662933349609e+00 -3.043542623519897461e+00 8.719106316566467285e-01
-5.754775047302246094e+00 -3.088283777236938477e+00 8.536814451217651367e-01
-5.783542633056640625e+00 -3.167763233184814453e+00 8.332996964454650879e-01
-5.779909133911132812e+00 -3.102836132049560547e+00 8.643860220909118652e-01
-5.778348922729492188e+00 -3.104239702224731445e+00 8.717683553695678711e-01
-5.792819499969482422e+00 -3.109177112579345703e+00 8.721039891242980957e-01
-5.786798477172851562e+00 -3.160327911376953125e+00 8.753116130828857422e-01
-5.784719467163085938e+00 -3.196944475173950195e+00 8.606359362602233887e-01
-5.799939632415771484e+00 -3.194215059280395508e+00 8.570135831832885742e-01
-5.785048484802246094e+00 -3.164798736572265625e+00 8.496752977371215820e-01
-5.516204833984375000e+00 -2.900485992431640625e+00 7.480918169021606445e-01
-5.486730098724365234e+00 -2.768606185913085938e+00 7.482528686523437500e-01
-5.486375331878662109e+00 -2.898856163024902344e+00 7.700553536415100098e-01
-5.517483711242675781e+00 -3.133224487304687500e+00 7.821868658065795898e-01
-5.654440879821777344e+00 -2.734184980392456055e+00 7.635819911956787109e-01
-5.788571357727050781e+00 -3.134779214859008789e+00 8.035857677459716797e-01
-5.513702869415283203e+00 -2.724861383438110352e+00 7.607276439666748047e-01
-5.559589862823486328e+00 -2.809016704559326172e+00 7.480427026748657227e-01
-5.795645236968994141e+00 -3.185811281204223633e+00 8.079019188880920410e-01
-5.902086257934570312e+00 -3.170314788818359375e+00 7.474811077117919922e-01
-5.915945529937744141e+00 -3.176808357238769531e+00 7.598557472229003906e-01
-5.822532653808593750e+00 -3.045293331146240234e+00 9.084992408752441406e-01
-5.835034847259521484e+00 -2.921934366226196289e+00 9.304439425468444824e-01
-5.822973251342773438e+00 -2.896762371063232422e+00 8.967173099517822266e-01
-5.830201148986816406e+00 -3.049046993255615234e+00 8.676235675811767578e-01
-5.948957920074462891e+00 -3.156786441802978516e+00 7.221226096153259277e-01
-5.598313808441162109e+00 -2.696881055831909180e+00 7.633414268493652344e-01
-5.553551673889160156e+00 -2.982928276062011719e+00 7.486793994903564453e-01
-5.510083198547363281e+00 -2.778156280517578125e+00 7.675971388816833496e-01
-5.474845886230468750e+00 -2.827774286270141602e+00 7.767232060432434082e-01
-5.581578731536865234e+00 -2.976767778396606445e+00 7.603314518928527832e-01
-5.974699974060058594e+00 -3.185580968856811523e+00 7.440968751907348633e-01
-5.830626010894775391e+00 -3.004572868347167969e+00 9.040000438690185547e-01
-5.877524852752685547e+00 -3.128050327301025391e+00 7.660019397735595703e-01
-5.823418140411376953e+00 -2.804023027420043945e+00 8.655815124511718750e-01
-5.541954040527343750e+00 -3.048923730850219727e+00 7.671459317207336426e-01
-5.815687656402587891e+00 -2.803391456604003906e+00 8.759384155273437500e-01
-5.484969139099121094e+00 -2.992012977600097656e+00 7.646743059158325195e-01
-5.504876136779785156e+00 -2.987416982650756836e+00 7.704686522483825684e-01
-5.528503894805908203e+00 -2.989002704620361328e+00 7.702922224998474121e-01
-5.635387897491455078e+00 -3.144824743270874023e+00 7.601583600044250488e-01
-5.649491786956787109e+00 -3.141976118087768555e+00 7.594755887985229492e-01
-5.541853427886962891e+00 -3.022152423858642578e+00 7.697050571441650391e-01
-5.507274150848388672e+00 -3.010891199111938477e+00 7.726445794105529785e-01
-5.512783527374267578e+00 -3.039804697036743164e+00 7.811171412467956543e-01
-5.524847030639648438e+00 -3.039335727691650391e+00 7.811365723609924316e-01
-5.551063060760498047e+00 -3.065372705459594727e+00 7.695639729499816895e-01
-5.821042060852050781e+00 -3.007821083068847656e+00 8.853790163993835449e-01
-5.627459526062011719e+00 -2.667936801910400391e+00 7.536716461181640625e-01
-5.946942329406738281e+00 -3.145884513854980469e+00 7.234658002853393555e-01
-5.911912441253662109e+00 -3.172256469726562500e+00 7.479019165039062500e-01
-5.820451259613037109e+00 -2.918902397155761719e+00 8.883261680603027344e-01
-5.807470798492431641e+00 -2.847738981246948242e+00 8.372835516929626465e-01
-5.555246353149414062e+00 -3.049774169921875000e+00 7.676091790199279785e-01
-5.530701637268066406e+00 -3.064516544342041016e+00 7.808522582054138184e-01
-5.785745143890380859e+00 -3.051593065261840820e+00 8.078087568283081055e-01
-5.487536430358886719e+00 -2.698318481445312500e+00 7.483655214309692383e-01
-5.533837795257568359e+00 -2.799384593963623047e+00 7.604861259460449219e-01
-5.518676757812500000e+00 -2.666462421417236328e+00 7.493229508399963379e-01
-5.542770385742187500e+00 -2.726315259933471680e+00 7.488200664520263672e-01
-5.556674957275390625e+00 -2.924591064453125000e+00 7.486899495124816895e-01
-5.515977859497070312e+00 -2.894813060760498047e+00 7.670648097991943359e-01
-5.529905796051025391e+00 -2.923728942871093750e+00 7.648878097534179688e-01
-5.566781044006347656e+00 -2.668842792510986328e+00 7.579269409179687500e-01
-5.903026580810546875e+00 -3.171249628067016602e+00 7.534875869750976562e-01
-5.821502685546875000e+00 -3.100400447845458984e+00 9.007624387741088867e-01
-5.514040470123291016e+00 -2.839022636413574219e+00 7.682069540023803711e-01
-5.794258117675781250e+00 -2.962774038314819336e+00 7.990863323211669922e-01
-5.822038173675537109e+00 -3.126054525375366211e+00 8.866054415702819824e-01
-5.831578254699707031e+00 -3.067592620849609375e+00 9.015082120895385742e-01
-5.787497520446777344e+00 -2.991904497146606445e+00 8.032894730567932129e-01
-5.537295818328857422e+00 -3.071769237518310547e+00 7.634903788566589355e-01
-5.833772182464599609e+00 -2.812850713729858398e+00 8.956692814826965332e-01
-5.800563335418701172e+00 -2.987841606140136719e+00 7.770114541053771973e-01
-5.859366416931152344e+00 -2.774375200271606445e+00 9.252617359161376953e-01
-5.821921825408935547e+00 -3.136151075363159180e+00 8.367331624031066895e-01
-5.487600803375244141e+00 -2.719074964523315430e+00 7.489166259765625000e-01
-5.793949604034423828e+00 -2.990688085556030273e+00 8.370874524116516113e-01
-5.813141345977783203e+00 -2.843438625335693359e+00 8.956920504570007324e-01
-5.822079181671142578e+00 -2.841923236846923828e+00 8.966801762580871582e-01
-5.865264892578125000e+00 -2.799890995025634766e+00 9.614915847778320312e-01
-5.851690769195556641e+00 -2.840188026428222656e+00 9.435340762138366699e-01
-5.824350833892822266e+00 -2.899529933929443359e+00 9.144156575202941895e-01
-5.537403583526611328e+00 -2.799818992614746094e+00 7.494022250175476074e-01
-5.823897361755371094e+00 -3.188044071197509766e+00 8.650591373443603516e-01
-5.559283733367919922e+00 -2.840824365615844727e+00 7.594490051269531250e-01
-5.852409362792968750e+00 -3.040030241012573242e+00 9.024108052253723145e-01
-5.486567974090576172e+00 -2.895750284194946289e+00 7.495489716529846191e-01
-5.820547580718994141e+00 -3.158169507980346680e+00 8.381574749946594238e-01
-5.514249324798583984e+00 -2.947230100631713867e+00 7.690329551696777344e-01
-5.663078784942626953e+00 -2.712436676025390625e+00 7.604402899742126465e-01
-5.822713851928710938e+00 -3.227174997329711914e+00 8.735007643699645996e-01
-5.821872234344482422e+00 -3.227813243865966797e+00 8.675634860992431641e-01
-5.513950347900390625e+00 -2.769446611404418945e+00 7.475624084472656250e-01
-5.824482917785644531e+00 -3.188321828842163086e+00 9.008641242980957031e-01
-5.827334403991699219e+00 -3.190076589584350586e+00 8.916862607002258301e-01
-5.907211303710937500e+00 -3.181529998779296875e+00 7.516412138938903809e-01
-5.882269859313964844e+00 -3.147040843963623047e+00 7.466706633567810059e-01
-5.823852539062500000e+00 -2.949762105941772461e+00 8.898326754570007324e-01
-5.796555995941162109e+00 -2.967445135116577148e+00 7.783354520797729492e-01
-6.009655475616455078e+00 -3.235901355743408203e+00 7.568114995956420898e-01
-5.980213642120361328e+00 -3.176431894302368164e+00 7.436969876289367676e-01
-5.858359813690185547e+00 -2.853903293609619141e+00 9.373211860656738281e-01
-5.508428573608398438e+00 -3.072025299072265625e+00 7.812116146087646484e-01
-6.033444881439208984e+00 -3.232747316360473633e+00 7.733867168426513672e-01
-5.456850051879882812e+00 -2.751939058303833008e+00 7.678076624870300293e-01
-5.820207118988037109e+00 -3.094451189041137695e+00 8.074104189872741699e-01
-5.534644603729248047e+00 -2.824475288391113281e+00 7.598917484283447266e-01
-5.940286636352539062e+00 -3.143106222152709961e+00 7.178231477737426758e-01
-5.906356334686279297e+00 -3.181522369384765625e+00 7.454725503921508789e-01
-5.962904453277587891e+00 -3.240906476974487305e+00 7.473266720771789551e-01
-5.917014598846435547e+00 -3.146620273590087891e+00 7.570983767509460449e-01
-5.569995880126953125e+00 -2.694769382476806641e+00 7.648606300354003906e-01
-5.651718616485595703e+00 -2.694509506225585938e+00 7.467803359031677246e-01
-5.817874908447265625e+00 -2.837808609008789062e+00 9.125161170959472656e-01
-5.795857906341552734e+00 -3.154851436614990234e+00 8.044704794883728027e-01
-5.620349407196044922e+00 -3.171457290649414062e+00 7.610247731208801270e-01
-5.812316417694091797e+00 -2.858923673629760742e+00 8.954285979270935059e-01
-5.596022129058837891e+00 -3.164499044418334961e+00 7.640378475189208984e-01
-5.793570518493652344e+00 -3.054355859756469727e+00 8.046348094940185547e-01
-5.575733184814453125e+00 -3.174445390701293945e+00 7.685309052467346191e-01
-5.569011688232421875e+00 -3.202020406723022461e+00 7.635487914085388184e-01
-5.593499660491943359e+00 -3.197470664978027344e+00 7.649608850479125977e-01
-5.821660518646240234e+00 -3.160532712936401367e+00 8.570592403411865234e-01
-5.515138149261474609e+00 -3.076034307479858398e+00 7.710826396942138672e-01
-5.788294792175292969e+00 -2.836675643920898438e+00 8.426405191421508789e-01
-5.820436954498291016e+00 -3.070167541503906250e+00 7.992560267448425293e-01
-5.515551567077636719e+00 -2.725986242294311523e+00 7.485528588294982910e-01
-5.851440906524658203e+00 -2.829827785491943359e+00 9.276458621025085449e-01
-5.830125331878662109e+00 -3.079879283905029297e+00 8.827193379402160645e-01
-5.826242923736572266e+00 -3.050279855728149414e+00 8.925209045410156250e-01
-5.801082134246826172e+00 -3.087179899215698242e+00 7.781537175178527832e-01
-5.838719844818115234e+00 -2.871893644332885742e+00 9.335387349128723145e-01
-5.544753074645996094e+00 -3.172240734100341797e+00 7.703998684883117676e-01
-5.819510459899902344e+00 -2.815196752548217773e+00 9.172136783599853516e-01
-5.545354843139648438e+00 -3.159130096435546875e+00 7.490308284759521484e-01
-5.595522403717041016e+00 -3.154483556747436523e+00 7.482678890228271484e-01
-5.821563720703125000e+00 -3.037518739700317383e+00 8.371462225914001465e-01
-5.782838344573974609e+00 -2.985704183578491211e+00 8.378541469573974609e-01
-5.517337799072265625e+00 -2.959961414337158203e+00 7.486328482627868652e-01
-5.556814193725585938e+00 -2.727090358734130859e+00 7.489403486251831055e-01
-5.557275295257568359e+00 -2.778184175491333008e+00 7.557240724563598633e-01
-5.787781715393066406e+00 -2.865568637847900391e+00 8.602619767189025879e-01
-5.513347625732421875e+00 -2.977822542190551758e+00 7.477698326110839844e-01
-5.557103633880615234e+00 -3.019433259963989258e+00 7.464597821235656738e-01
-5.822457313537597656e+00 -2.999071598052978516e+00 8.659552335739135742e-01
-5.654003143310546875e+00 -2.696966648101806641e+00 7.614301443099975586e-01
-5.622625827789306641e+00 -2.694197416305541992e+00 7.467703819274902344e-01
-5.816543579101562500e+00 -2.962167024612426758e+00 9.077162146568298340e-01
-5.620316505432128906e+00 -3.193942546844482422e+00 7.646728754043579102e-01
-5.832060337066650391e+00 -2.963457107543945312e+00 9.119799733161926270e-01
-5.623328208923339844e+00 -2.718761205673217773e+00 7.473661899566650391e-01
-5.514382362365722656e+00 -3.100698947906494141e+00 7.704309225082397461e-01
-5.530834197998046875e+00 -3.103709459304809570e+00 7.659897804260253906e-01
-5.645854949951171875e+00 -3.154025316238403320e+00 7.482653856277465820e-01
-5.788182735443115234e+00 -2.869842290878295898e+00 8.754165768623352051e-01
-5.821658611297607422e+00 -3.056951761245727539e+00 8.025393486022949219e-01
-5.514840126037597656e+00 -3.125978469848632812e+00 7.706252932548522949e-01
-5.486852169036865234e+00 -2.917372465133666992e+00 7.709644436836242676e-01
-5.541068077087402344e+00 -2.919872283935546875e+00 7.493827342987060547e-01
-5.538745880126953125e+00 -2.696590423583984375e+00 7.531845569610595703e-01
-5.553818702697753906e+00 -2.950243473052978516e+00 7.478437423706054688e-01
-5.551561832427978516e+00 -2.857471227645874023e+00 7.477036118507385254e-01
-5.483743190765380859e+00 -2.843329906463623047e+00 7.486943006515502930e-01
-5.970224857330322266e+00 -3.142901659011840820e+00 7.599494457244873047e-01
-5.967810630798339844e+00 -3.241961956024169922e+00 7.559654116630554199e-01
-5.961863040924072266e+00 -3.235359907150268555e+00 7.559971213340759277e-01
-5.820677757263183594e+00 -3.022258758544921875e+00 8.604937791824340820e-01
-5.796633720397949219e+00 -3.200897216796875000e+00 9.021962285041809082e-01
-5.487171649932861328e+00 -2.868668317794799805e+00 7.495941519737243652e-01
-5.883180618286132812e+00 -3.112828254699707031e+00 7.473239302635192871e-01
-5.817114830017089844e+00 -2.837313890457153320e+00 9.317836165428161621e-01
-5.785668373107910156e+00 -3.243583679199218750e+00 8.725332021713256836e-01
-5.948286533355712891e+00 -3.208213567733764648e+00 7.551086544990539551e-01
-6.030353069305419922e+00 -3.218241453170776367e+00 7.231535315513610840e-01
-5.536159515380859375e+00 -2.771603584289550781e+00 7.495852708816528320e-01
-5.565594673156738281e+00 -2.859282732009887695e+00 7.622443437576293945e-01
-5.543032169342041016e+00 -2.858394145965576172e+00 7.617966532707214355e-01
-5.555189132690429688e+00 -2.828568696975708008e+00 7.462470531463623047e-01
-5.541822910308837891e+00 -2.743999242782592773e+00 7.584307789802551270e-01
-5.539349555969238281e+00 -2.746138334274291992e+00 7.495648860931396484e-01
-5.477734088897705078e+00 -2.809680700302124023e+00 7.742982506752014160e-01
-5.452249526977539062e+00 -2.709306716918945312e+00 7.619026303291320801e-01
-5.563459873199462891e+00 -3.068458318710327148e+00 7.817310690879821777e-01
-5.561886310577392578e+00 -2.725994348526000977e+00 7.581107020378112793e-01
-5.783745765686035156e+00 -2.902591228485107422e+00 8.564850687980651855e-01
-5.851984500885009766e+00 -2.860747337341308594e+00 9.162516593933105469e-01
-5.795247077941894531e+00 -3.220337867736816406e+00 8.074572682380676270e-01
-5.821113586425781250e+00 -2.852114915847778320e+00 8.672119975090026855e-01
-5.540323734283447266e+00 -3.092987537384033203e+00 7.493569254875183105e-01
-5.532596111297607422e+00 -2.891129732131958008e+00 7.478899955749511719e-01
-5.510405540466308594e+00 -2.866440296173095703e+00 7.496789693832397461e-01
-6.007249355316162109e+00 -3.261436462402343750e+00 7.456323504447937012e-01
-5.553247928619384766e+00 -2.929812431335449219e+00 7.544269561767578125e-01
-5.814404964447021484e+00 -3.064357995986938477e+00 9.033794403076171875e-01
-5.809566974639892578e+00 -3.040759563446044922e+00 9.024280905723571777e-01
-5.625497817993164062e+00 -3.172019481658935547e+00 7.495454549789428711e-01
-5.954918861389160156e+00 -3.133438110351562500e+00 7.627189159393310547e-01
-5.927609920501708984e+00 -3.108987092971801758e+00 7.379046082496643066e-01
-5.882018089294433594e+00 -3.117870569229125977e+00 7.649648785591125488e-01
-5.986425399780273438e+00 -3.256491422653198242e+00 7.489673495292663574e-01
-5.889029026031494141e+00 -3.124963998794555664e+00 7.809613347053527832e-01
-5.796697139739990234e+00 -2.929149150848388672e+00 8.248019814491271973e-01
-5.799817562103271484e+00 -2.982365131378173828e+00 7.966240644454956055e-01
-5.806713104248046875e+00 -3.038805961608886719e+00 7.732442021369934082e-01
-5.812160491943359375e+00 -2.830355167388916016e+00 8.646792769432067871e-01
-5.809648990631103516e+00 -2.865102767944335938e+00 8.574436306953430176e-01
-5.822601795196533203e+00 -2.989722251892089844e+00 8.890694975852966309e-01
-5.802387237548828125e+00 -3.012580394744873047e+00 7.725061178207397461e-01
-5.809917449951171875e+00 -2.816227912902832031e+00 8.615026473999023438e-01
-5.797487735748291016e+00 -2.877369403839111328e+00 8.314035534858703613e-01
-5.821197986602783203e+00 -3.112619638442993164e+00 8.493918180465698242e-01
-5.991138458251953125e+00 -3.172671556472778320e+00 7.606616020202636719e-01
-5.787697792053222656e+00 -2.962215185165405273e+00 7.794140577316284180e-01
-5.642297744750976562e+00 -3.153690338134765625e+00 7.659400701522827148e-01
-5.510744094848632812e+00 -3.094393253326416016e+00 7.807105183601379395e-01
-5.581687450408935547e+00 -2.662885665893554688e+00 7.618217468261718750e-01
-5.551737785339355469e+00 -3.022095441818237305e+00 7.701942920684814453e-01
-5.845378398895263672e+00 -2.789053201675415039e+00 9.172835350036621094e-01
-5.787826061248779297e+00 -2.936239004135131836e+00 8.628000617027282715e-01
-5.783955574035644531e+00 -2.960518121719360352e+00 8.381260633468627930e-01
-5.794239044189453125e+00 -2.960235118865966797e+00 8.352920413017272949e-01
-5.797668933868408203e+00 -3.024639129638671875e+00 8.076195120811462402e-01
-5.813005447387695312e+00 -3.013214349746704102e+00 9.046815633773803711e-01
-5.571284770965576172e+00 -3.157046318054199219e+00 7.488629221916198730e-01
-5.516606807708740234e+00 -2.799220323562622070e+00 7.624223828315734863e-01
-6.009449481964111328e+00 -3.289951801300048828e+00 7.448320984840393066e-01
-5.528325557708740234e+00 -2.951780796051025391e+00 7.690542340278625488e-01
-5.516473770141601562e+00 -2.742506742477416992e+00 7.483024001121520996e-01
-5.787714958190917969e+00 -3.021053075790405273e+00 8.039906620979309082e-01
-5.803905010223388672e+00 -2.896559476852416992e+00 8.650781512260437012e-01
-5.553862094879150391e+00 -3.127744674682617188e+00 7.818613052368164062e-01
-5.547284126281738281e+00 -3.131624221801757812e+00 7.824389338493347168e-01
-5.544815540313720703e+00 -3.144016504287719727e+00 7.758468389511108398e-01
-5.820318698883056641e+00 -3.108613491058349609e+00 8.346496820449829102e-01
-5.825209140777587891e+00 -2.786730766296386719e+00 8.624606132507324219e-01
-5.629858970642089844e+00 -3.148585796356201172e+00 7.480702400207519531e-01
-5.586235523223876953e+00 -2.956509590148925781e+00 7.596161365509033203e-01
-5.524729728698730469e+00 -2.892900705337524414e+00 7.683714628219604492e-01
-5.803981781005859375e+00 -3.097078323364257812e+00 7.772175073623657227e-01
-5.547093391418457031e+00 -3.196818113327026367e+00 7.709340453147888184e-01
-5.828160762786865234e+00 -2.921937942504882812e+00 9.194779396057128906e-01
-5.574961662292480469e+00 -3.148662805557250977e+00 7.652456164360046387e-01
-5.582789897918701172e+00 -3.149004936218261719e+00 7.668434381484985352e-01
-5.530919075012207031e+00 -3.103002309799194336e+00 7.814013957977294922e-01
-5.831786155700683594e+00 -3.210945606231689453e+00 9.018831253051757812e-01
-5.965141773223876953e+00 -3.165444374084472656e+00 7.146993279457092285e-01
-5.944957733154296875e+00 -3.208652257919311523e+00 7.479166984558105469e-01
-5.875311851501464844e+00 -3.151444435119628906e+00 7.437248229980468750e-01
-5.876549720764160156e+00 -3.145951747894287109e+00 7.450152635574340820e-01
-5.540137290954589844e+00 -2.995162010192871094e+00 7.486010789871215820e-01
-5.980378150939941406e+00 -3.252825260162353516e+00 7.573695778846740723e-01
-6.014172554016113281e+00 -3.290295124053955078e+00 7.535344362258911133e-01
-5.972567081451416016e+00 -3.234202146530151367e+00 7.619631290435791016e-01
-6.007550239562988281e+00 -3.262298345565795898e+00 7.555594444274902344e-01
-5.936568737030029297e+00 -3.214764356613159180e+00 7.422901988029479980e-01
-5.920928001403808594e+00 -3.191661119461059570e+00 7.550329566001892090e-01
-5.960046291351318359e+00 -3.161533832550048828e+00 7.519083619117736816e-01
-5.560575962066650391e+00 -3.150986194610595703e+00 7.830274105072021484e-01
-5.515666007995605469e+00 -2.927221775054931641e+00 7.677313089370727539e-01
-5.507077693939208984e+00 -2.666316270828247070e+00 7.560002803802490234e-01
-5.585031509399414062e+00 -3.131089448928833008e+00 7.810559868812561035e-01
-5.599002838134765625e+00 -2.694338321685791016e+00 7.487807869911193848e-01
-5.535006999969482422e+00 -2.667561531066894531e+00 7.541320323944091797e-01
-5.542843818664550781e+00 -2.718755483627319336e+00 7.613247632980346680e-01
-5.480289459228515625e+00 -2.726067543029785156e+00 7.710349559783935547e-01
-5.525140762329101562e+00 -3.158668041229248047e+00 7.804917097091674805e-01
-5.553249835968017578e+00 -3.101485252380371094e+00 7.661365270614624023e-01
-5.782022476196289062e+00 -2.886380910873413086e+00 8.719138503074645996e-01
-5.816333293914794922e+00 -2.785740852355957031e+00 8.745113015174865723e-01
-5.825067043304443359e+00 -2.786972045898437500e+00 8.742614984512329102e-01
-5.918558597564697266e+00 -3.191724777221679688e+00 7.471593022346496582e-01
-5.510822772979736328e+00 -2.697936534881591797e+00 7.487396597862243652e-01
-5.551433563232421875e+00 -3.058584690093994141e+00 7.801177501678466797e-01
-5.534616470336914062e+00 -2.697020530700683594e+00 7.494907379150390625e-01
-5.789152145385742188e+00 -3.015213727951049805e+00 9.065688848495483398e-01
-5.574734687805175781e+00 -2.696871757507324219e+00 7.484178543090820312e-01
-5.598107337951660156e+00 -2.701975584030151367e+00 7.468733787536621094e-01
-5.626259326934814453e+00 -2.697477817535400391e+00 7.642547488212585449e-01
-5.801903724670410156e+00 -3.245830535888671875e+00 8.339645266532897949e-01
-5.511704444885253906e+00 -2.833255290985107422e+00 7.487242221832275391e-01
-5.877912998199462891e+00 -3.151935815811157227e+00 7.519635558128356934e-01
-5.510205268859863281e+00 -3.169353961944580078e+00 7.808793783187866211e-01
-5.456050872802734375e+00 -2.735951185226440430e+00 7.496306896209716797e-01
-5.795359134674072266e+00 -3.178175449371337891e+00 9.005649089813232422e-01
-5.482938289642333984e+00 -2.764423370361328125e+00 7.696571350097656250e-01
-5.545178413391113281e+00 -2.957387447357177734e+00 7.488924264907836914e-01
-5.573467731475830078e+00 -2.669888973236083984e+00 7.495134472846984863e-01
-5.841336727142333984e+00 -2.882660627365112305e+00 9.323814511299133301e-01
-5.562118530273437500e+00 -3.191069126129150391e+00 7.810063958168029785e-01
-5.816223144531250000e+00 -2.785422801971435547e+00 8.617667555809020996e-01
-5.586461067199707031e+00 -2.705538749694824219e+00 7.640951871871948242e-01
-5.642859458923339844e+00 -3.149465084075927734e+00 7.478322386741638184e-01
-5.556304931640625000e+00 -2.768959522247314453e+00 7.428686022758483887e-01
-5.828088283538818359e+00 -3.083445310592651367e+00 8.681327104568481445e-01
-5.835767269134521484e+00 -3.097343683242797852e+00 8.718776702880859375e-01
-5.533943653106689453e+00 -3.068777322769165039e+00 7.491988539695739746e-01
-5.918777465820312500e+00 -3.139629364013671875e+00 7.377935647964477539e-01
-5.977111816406250000e+00 -3.234829902648925781e+00 7.482601404190063477e-01
-5.820576190948486328e+00 -3.087168455123901367e+00 8.331707119941711426e-01
-5.539169788360595703e+00 -2.767578363418579102e+00 7.585365772247314453e-01
-5.517297744750976562e+00 -2.859535455703735352e+00 7.671785354614257812e-01
-5.652435302734375000e+00 -2.718884706497192383e+00 7.480754852294921875e-01
-5.515954971313476562e+00 -2.920749664306640625e+00 7.488811612129211426e-01
-5.563415527343750000e+00 -2.737622499465942383e+00 7.473149299621582031e-01
-6.015519142150878906e+00 -3.216746807098388672e+00 7.253325581550598145e-01
-5.824833393096923828e+00 -3.156597852706909180e+00 8.743067383766174316e-01
-5.850496768951416016e+00 -2.800421476364135742e+00 9.287875890731811523e-01
-5.788292884826660156e+00 -2.907734870910644531e+00 8.193023204803466797e-01
-5.794751644134521484e+00 -2.902770280838012695e+00 8.310144543647766113e-01
-5.796150207519531250e+00 -2.932818412780761719e+00 8.076295256614685059e-01
-5.787687301635742188e+00 -2.931097507476806641e+00 8.069096803665161133e-01
-5.794800758361816406e+00 -2.902333736419677734e+00 8.079720735549926758e-01
-5.787513732910156250e+00 -2.901523590087890625e+00 8.066238164901733398e-01
-5.856412887573242188e+00 -3.036660671234130859e+00 8.888868689537048340e-01
-5.980106353759765625e+00 -3.172210931777954102e+00 7.072942256927490234e-01
-5.485185623168945312e+00 -2.747665166854858398e+00 7.487947940826416016e-01
-5.541407108306884766e+00 -3.197247982025146484e+00 7.803673744201660156e-01
-5.558533191680908203e+00 -2.956931591033935547e+00 7.556699514389038086e-01
-6.041907787322998047e+00 -3.257600069046020508e+00 7.523682713508605957e-01
-5.801218509674072266e+00 -3.244509220123291016e+00 8.722193837165832520e-01
-5.528827667236328125e+00 -3.039378643035888672e+00 7.472836971282958984e-01
-5.787535190582275391e+00 -2.952859401702880859e+00 7.952884435653686523e-01
-5.952507019042968750e+00 -3.228438854217529297e+00 7.470173835754394531e-01
-5.987170219421386719e+00 -3.182168960571289062e+00 7.053433060646057129e-01
-5.894160270690917969e+00 -3.144212961196899414e+00 7.704373598098754883e-01
-5.515568256378173828e+00 -2.733676910400390625e+00 7.602255940437316895e-01
-5.539830684661865234e+00 -3.006131410598754883e+00 7.482953071594238281e-01
-5.788444519042968750e+00 -3.189601421356201172e+00 8.214468359947204590e-01
-5.484948635101318359e+00 -2.741487026214599609e+00 7.699762582778930664e-01
-5.936879634857177734e+00 -3.146637201309204102e+00 7.148483395576477051e-01
